-2.15810575  0.23978953  0.23978953  0.23978953  0.23978953  0.23978953  0.23978953  0.23978953  0.23978953  0.23978953
0.23978953  -2.15810575  0.23978953  0.23978953  0.23978953  0.23978953  0.23978953  0.23978953  0.23978953  0.23978953
0.23978953  0.23978953  -2.15810575  0.23978953  0.23978953  0.23978953  0.23978953  0.23978953  0.23978953  0.23978953
0.23978953  0.23978953  0.23978953  -2.15810575  0.23978953  0.23978953  0.23978953  0.23978953  0.23978953  0.23978953
0.23978953  0.23978953  0.23978953  0.23978953  -2.15810575  0.23978953  0.23978953  0.23978953  0.23978953  0.23978953
0.23978953  0.23978953  0.23978953  0.23978953  0.23978953  -2.15810575  0.23978953  0.23978953  0.23978953  0.23978953
0.23978953  0.23978953  0.23978953  0.23978953  0.23978953  0.23978953  -2.15810575  0.23978953  0.23978953  0.23978953
0.23978953  0.23978953  0.23978953  0.23978953  0.23978953  0.23978953  0.23978953  -2.15810575  0.23978953  0.23978953
0.23978953  0.23978953  0.23978953  0.23978953  0.23978953  0.23978953  0.23978953  0.23978953  -2.15810575  0.23978953
0.23978953  0.23978953  0.23978953  0.23978953  0.23978953  0.23978953  0.23978953  0.23978953  0.23978953  -2.15810575
