1,1
1.0006,1
1.0012,1
1.0018,1
1.0024,1
1.003,1
1.0036,1
1.0042,1
1.0048,1
1.0054,1
1.006,1
1.0066,1
1.0072,1
1.0078,1
1.0084,1
1.009,1
1.0096,1
1.0102,1
1.0108,1
1.0114,1
1.012,1
1.0126,1
1.0132,1
1.0138,1
1.0144,1
1.015,1
1.0156,1
1.0162,1
1.0168,1
1.0174,1
1.018,1
1.0186,1
1.0192,1
1.0198,1
1.0204,1
1.021,1
1.0216,1
1.0222,1
1.0228,1
1.0234,1
1.024,1
1.0246,1
1.0252,1
1.0258,1
1.0264,1
1.027,1
1.0276,1
1.0282,1
1.0288,1
1.0294,1
1.03,1
1.0306,1
1.0312,1
1.0318,1
1.0324,1
1.033,1
1.0336,1
1.0342,1
1.0348,1
1.0354,1
1.036,1
1.0366,1
1.0372,1
1.0378,1
1.0384,1
1.039,1
1.0396,1
1.0402,1
1.0408,1
1.0414,1
1.042,1
1.0426,1
1.0432,1
1.0438,1
1.0444,1
1.045,1
1.0456,1
1.0462,1
1.0468,1
1.0474,1
1.048,1
1.0486,1
1.0492,1
1.0498,1
1.0504,1
1.051,1
1.0516,1
1.0522,1
1.0528,1
1.0534,1
1.054,1
1.0546,1
1.0552,1
1.0558,1
1.0564,1
1.057,1
1.0576,1
1.0582,1
1.0588,1
1.0594,1
1.06,1
1.0606,1
1.0612,1
1.0618,1
1.0624,1
1.063,1
1.0636,1
1.0642,1
1.0648,1
1.0654,1
1.066,1
1.0666,1
1.0672,1
1.0678,1
1.0684,1
1.069,1
1.0696,1
1.0702,1
1.0708,1
1.0714,1
1.072,1
1.0726,1
1.0732,1
1.0738,1
1.0744,1
1.075,1
1.0756,1
1.0762,1
1.0768,1
1.0774,1
1.078,1
1.0786,1
1.0792,1
1.0798,1
1.0804,1
1.081,1
1.0816,1
1.0822,1
1.0828,1
1.0834,1
1.084,1
1.0846,1
1.0852,1
1.0858,1
1.0864,1
1.087,1
1.0876,1
1.0882,1
1.0888,1
1.0894,1
1.09,1
1.0906,1
1.0912,1
1.0918,1
1.0924,1
1.093,1
1.0936,1
1.0942,1
1.0948,1
1.0954,1
1.096,1
1.0966,1
1.0972,1
1.0978,1
1.0984,1
1.099,1
1.0996,1
1.1002,1
1.1008,1
1.1014,1
1.102,1
1.1026,1
1.1032,1
1.1038,1
1.1044,1
1.105,1
1.1056,1
1.1062,1
1.1068,1
1.1074,1
1.108,1
1.1086,1
1.1092,1
1.1098,1
1.1104,1
1.111,1
1.1116,1
1.1122,1
1.1128,1
1.1134,1
1.114,1
1.1146,1
1.1152,1
1.1158,1
1.1164,1
1.117,1
1.1176,1
1.1182,1
1.1188,1
1.1194,1
1.12,1
1.1206,1
1.1212,1
1.1218,1
1.1224,1
1.123,1
1.1236,1
1.1242,1
1.1248,1
1.1254,1
1.126,1
1.1266,1
1.1272,1
1.1278,1
1.1284,1
1.129,1
1.1296,1
1.1302,1
1.1308,1
1.1314,1
1.132,1
1.1326,1
1.1332,1
1.1338,1
1.1344,1
1.135,1
1.1356,1
1.1362,1
1.1368,1
1.1374,1
1.138,1
1.1386,1
1.1392,1
1.1398,1
1.1404,1
1.141,1
1.1416,1
1.1422,1
1.1428,1
1.1434,1
1.144,1
1.1446,1
1.1452,1
1.1458,1
1.1464,1
1.147,1
1.1476,1
1.1482,1
1.1488,1
1.1494,1
1.15,1
1.1506,1
1.1512,1
1.1518,1
1.1524,1
1.153,1
1.1536,1
1.1542,1
1.1548,1
1.1554,1
1.156,1
1.1566,1
1.1572,1
1.1578,1
1.1584,1
1.159,1
1.1596,1
1.1602,1
1.1608,1
1.1614,1
1.162,1
1.1626,1
1.1632,1
1.1638,1
1.1644,1
1.165,1
1.1656,1
1.1662,1
1.1668,1
1.1674,1
1.168,1
1.1686,1
1.1692,1
1.1698,1
1.1704,1
1.171,1
1.1716,1
1.1722,1
1.1728,1
1.1734,1
1.174,1
1.1746,1
1.1752,1
1.1758,1
1.1764,1
1.177,1
1.1776,1
1.1782,1
1.1788,1
1.1794,1
1.18,1
1.1806,1
1.1812,1
1.1818,1
1.1824,1
1.183,1
1.1836,1
1.1842,1
1.1848,1
1.1854,1
1.186,1
1.1866,1
1.1872,1
1.1878,1
1.1884,1
1.189,1
1.1896,1
1.1902,1
1.1908,1
1.1914,1
1.192,1
1.1926,1
1.1932,1
1.1938,1
1.1944,1
1.195,1
1.1956,1
1.1962,1
1.1968,1
1.1974,1
1.198,1
1.1986,1
1.1992,1
1.1998,1
1.2004,1
1.201,1
1.2016,1
1.2022,1
1.2028,1
1.2034,1
1.204,1
1.2046,1
1.2052,1
1.2058,1
1.2064,1
1.207,1
1.2076,1
1.2082,1
1.2088,1
1.2094,1
1.21,1
1.2106,1
1.2112,1
1.2118,1
1.2124,1
1.213,1
1.2136,1
1.2142,1
1.2148,1
1.2154,1
1.216,1
1.2166,1
1.2172,1
1.2178,1
1.2184,1
1.219,1
1.2196,1
1.2202,1
1.2208,1
1.2214,1
1.222,1
1.2226,1
1.2232,1
1.2238,1
1.2244,1
1.225,1
1.2256,1
1.2262,1
1.2268,1
1.2274,1
1.228,1
1.2286,1
1.2292,1
1.2298,1
1.2304,1
1.231,1
1.2316,1
1.2322,1
1.2328,1
1.2334,1
1.234,1
1.2346,1
1.2352,1
1.2358,1
1.2364,1
1.237,1
1.2376,1
1.2382,1
1.2388,1
1.2394,1
1.24,1
1.2406,1
1.2412,1
1.2418,1
1.2424,1
1.243,1
1.2436,1
1.2442,1
1.2448,1
1.2454,1
1.246,1
1.2466,1
1.2472,1
1.2478,1
1.2484,1
1.249,1
1.2496,1
1.2502,1
1.2508,1
1.2514,1
1.252,1
1.2526,1
1.2532,1
1.2538,1
1.2544,1
1.255,1
1.2556,1
1.2562,1
1.2568,1
1.2574,1
1.258,1
1.2586,1
1.2592,1
1.2598,1
1.2604,1
1.261,1
1.2616,1
1.2622,1
1.2628,1
1.2634,1
1.264,1
1.2646,1
1.2652,1
1.2658,1
1.2664,1
1.267,1
1.2676,1
1.2682,1
1.2688,1
1.2694,1
1.27,1
1.2706,1
1.2712,1
1.2718,1
1.2724,1
1.273,1
1.2736,1
1.2742,1
1.2748,1
1.2754,1
1.276,1
1.2766,1
1.2772,1
1.2778,1
1.2784,1
1.279,1
1.2796,1
1.2802,1
1.2808,1
1.2814,1
1.282,1
1.2826,1
1.2832,1
1.2838,1
1.2844,1
1.285,1
1.2856,1
1.2862,1
1.2868,1
1.2874,1
1.288,1
1.2886,1
1.2892,1
1.2898,1
1.2904,1
1.291,1
1.2916,1
1.2922,1
1.2928,1
1.2934,1
1.294,1
1.2946,1
1.2952,1
1.2958,1
1.2964,1
1.297,1
1.2976,1
1.2982,1
1.2988,1
1.2994,1
1.3,1
1.3006,1
1.3012,1
1.3018,1
1.3024,1
1.303,1
1.3036,1
1.3042,1
1.3048,1
1.3054,1
1.306,1
1.3066,1
1.3072,1
1.3078,1
1.3084,1
1.309,1
1.3096,1
1.3102,1
1.3108,1
1.3114,1
1.312,1
1.3126,1
1.3132,1
1.3138,1
1.3144,1
1.315,1
1.3156,1
1.3162,1
1.3168,1
1.3174,1
1.318,1
1.3186,1
1.3192,1
1.3198,1
1.3204,1
1.321,1
1.3216,1
1.3222,1
1.3228,1
1.3234,1
1.324,1
1.3246,1
1.3252,1
1.3258,1
1.3264,1
1.327,1
1.3276,1
1.3282,1
1.3288,1
1.3294,1
1.33,1
1.3306,1
1.3312,1
1.3318,1
1.3324,1
1.333,1
1.3336,1
1.3342,1
1.3348,1
1.3354,1
1.336,1
1.3366,1
1.3372,1
1.3378,1
1.3384,1
1.339,1
1.3396,1
1.3402,1
1.3408,1
1.3414,1
1.342,1
1.3426,1
1.3432,1
1.3438,1
1.3444,1
1.345,1
1.3456,1
1.3462,1
1.3468,1
1.3474,1
1.348,1
1.3486,1
1.3492,1
1.3498,1
1.3504,1
1.351,1
1.3516,1
1.3522,1
1.3528,1
1.3534,1
1.354,1
1.3546,1
1.3552,1
1.3558,1
1.3564,1
1.357,1
1.3576,1
1.3582,1
1.3588,1
1.3594,1
1.36,1
1.3606,1
1.3612,1
1.3618,1
1.3624,1
1.363,1
1.3636,1
1.3642,1
1.3648,1
1.3654,1
1.366,1
1.3666,1
1.3672,1
1.3678,1
1.3684,1
1.369,1
1.3696,1
1.3702,1
1.3708,1
1.3714,1
1.372,1
1.3726,1
1.3732,1
1.3738,1
1.3744,1
1.375,1
1.3756,1
1.3762,1
1.3768,1
1.3774,1
1.378,1
1.3786,1
1.3792,1
1.3798,1
1.3804,1
1.381,1
1.3816,1
1.3822,1
1.3828,1
1.3834,1
1.384,1
1.3846,1
1.3852,1
1.3858,1
1.3864,1
1.387,1
1.3876,1
1.3882,1
1.3888,1
1.3894,1
1.39,1
1.3906,1
1.3912,1
1.3918,1
1.3924,1
1.393,1
1.3936,1
1.3942,1
1.3948,1
1.3954,1
1.396,1
1.3966,1
1.3972,1
1.3978,1
1.3984,1
1.399,1
1.3996,1
1.4002,1
1.4008,1
1.4014,1
1.402,1
1.4026,1
1.4032,1
1.4038,1
1.4044,1
1.405,1
1.4056,1
1.4062,1
1.4068,1
1.4074,1
1.408,1
1.4086,1
1.4092,1
1.4098,1
1.4104,1
1.411,1
1.4116,1
1.4122,1
1.4128,1
1.4134,1
1.414,1
1.4146,1
1.4152,1
1.4158,1
1.4164,1
1.417,1
1.4176,1
1.4182,1
1.4188,1
1.4194,1
1.42,1
1.4206,1
1.4212,1
1.4218,1
1.4224,1
1.423,1
1.4236,1
1.4242,1
1.4248,1
1.4254,1
1.426,1
1.4266,1
1.4272,1
1.4278,1
1.4284,1
1.429,1
1.4296,1
1.4302,1
1.4308,1
1.4314,1
1.432,1
1.4326,1
1.4332,1
1.4338,1
1.4344,1
1.435,1
1.4356,1
1.4362,1
1.4368,1
1.4374,1
1.438,1
1.4386,1
1.4392,1
1.4398,1
1.4404,1
1.441,1
1.4416,1
1.4422,1
1.4428,1
1.4434,1
1.444,1
1.4446,1
1.4452,1
1.4458,1
1.4464,1
1.447,1
1.4476,1
1.4482,1
1.4488,1
1.4494,1
1.45,1
1.4506,1
1.4512,1
1.4518,1
1.4524,1
1.453,1
1.4536,1
1.4542,1
1.4548,1
1.4554,1
1.456,1
1.4566,1
1.4572,1
1.4578,1
1.4584,1
1.459,1
1.4596,1
1.4602,1
1.4608,1
1.4614,1
1.462,1
1.4626,1
1.4632,1
1.4638,1
1.4644,1
1.465,1
1.4656,1
1.4662,1
1.4668,1
1.4674,1
1.468,1
1.4686,1
1.4692,1
1.4698,1
1.4704,1
1.471,1
1.4716,1
1.4722,1
1.4728,1
1.4734,1
1.474,1
1.4746,1
1.4752,1
1.4758,1
1.4764,1
1.477,1
1.4776,1
1.4782,1
1.4788,1
1.4794,1
1.48,1
1.4806,1
1.4812,1
1.4818,1
1.4824,1
1.483,1
1.4836,1
1.4842,1
1.4848,1
1.4854,1
1.486,1
1.4866,1
1.4872,1
1.4878,1
1.4884,1
1.489,1
1.4896,1
1.4902,1
1.4908,1
1.4914,1
1.492,1
1.4926,1
1.4932,1
1.4938,1
1.4944,1
1.495,1
1.4956,1
1.4962,1
1.4968,1
1.4974,1
1.498,1
1.4986,1
1.4992,1
1.4998,1
1.5004,1
1.501,1
1.5016,1
1.5022,1
1.5028,1
1.5034,1
1.504,1
1.5046,1
1.5052,1
1.5058,1
1.5064,1
1.507,1
1.5076,1
1.5082,1
1.5088,1
1.5094,1
1.51,1
1.5106,1
1.5112,1
1.5118,1
1.5124,1
1.513,1
1.5136,1
1.5142,1
1.5148,1
1.5154,1
1.516,1
1.5166,1
1.5172,1
1.5178,1
1.5184,1
1.519,1
1.5196,1
1.5202,1
1.5208,1
1.5214,1
1.522,1
1.5226,1
1.5232,1
1.5238,1
1.5244,1
1.525,1
1.5256,1
1.5262,1
1.5268,1
1.5274,1
1.528,1
1.5286,1
1.5292,1
1.5298,1
1.5304,1
1.531,1
1.5316,1
1.5322,1
1.5328,1
1.5334,1
1.534,1
1.5346,1
1.5352,1
1.5358,1
1.5364,1
1.537,1
1.5376,1
1.5382,1
1.5388,1
1.5394,1
1.54,1
1.5406,1
1.5412,1
1.5418,1
1.5424,1
1.543,1
1.5436,1
1.5442,1
1.5448,1
1.5454,1
1.546,1
1.5466,1
1.5472,1
1.5478,1
1.5484,1
1.549,1
1.5496,1
1.5502,1
1.5508,1
1.5514,1
1.552,1
1.5526,1
1.5532,1
1.5538,1
1.5544,1
1.555,1
1.5556,1
1.5562,1
1.5568,1
1.5574,1
1.558,1
1.5586,1
1.5592,1
1.5598,1
1.5604,1
1.561,1
1.5616,1
1.5622,1
1.5628,1
1.5634,1
1.564,1
1.5646,1
1.5652,1
1.5658,1
1.5664,1
1.567,1
1.5676,1
1.5682,1
1.5688,1
1.5694,1
1.57,1
1.5706,1
1.5712,1
1.5718,1
1.5724,1
1.573,1
1.5736,1
1.5742,1
1.5748,1
1.5754,1
1.576,1
1.5766,1
1.5772,1
1.5778,1
1.5784,1
1.579,1
1.5796,1
1.5802,1
1.5808,1
1.5814,1
1.582,1
1.5826,1
1.5832,1
1.5838,1
1.5844,1
1.585,1
1.5856,1
1.5862,1
1.5868,1
1.5874,1
1.588,1
1.5886,1
1.5892,1
1.5898,1
1.5904,1
1.591,1
1.5916,1
1.5922,1
1.5928,1
1.5934,1
1.594,1
1.5946,1
1.5952,1
1.5958,1
1.5964,1
1.597,1
1.5976,1
1.5982,1
1.5988,1
1.5994,1
1.6,1
1.6006,1
1.6012,1
1.6018,1
1.6024,1
1.603,1
1.6036,1
1.6042,1
1.6048,1
1.6054,1
1.606,1
1.6066,1
1.6072,1
1.6078,1
1.6084,1
1.609,1
1.6096,1
1.6102,1
1.6108,1
1.6114,1
1.612,1
1.6126,1
1.6132,1
1.6138,1
1.6144,1
1.615,1
1.6156,1
1.6162,1
1.6168,1
1.6174,1
1.618,1
1.6186,1
1.6192,1
1.6198,1
1.6204,1
1.621,1
1.6216,1
1.6222,1
1.6228,1
1.6234,1
1.624,1
1.6246,1
1.6252,1
1.6258,1
1.6264,1
1.627,1
1.6276,1
1.6282,1
1.6288,1
1.6294,1
1.63,1
1.6306,1
1.6312,1
1.6318,1
1.6324,1
1.633,1
1.6336,1
1.6342,1
1.6348,1
1.6354,1
1.636,1
1.6366,1
1.6372,1
1.6378,1
1.6384,1
1.639,1
1.6396,1
1.6402,1
1.6408,1
1.6414,1
1.642,1
1.6426,1
1.6432,1
1.6438,1
1.6444,1
1.645,1
1.6456,1
1.6462,1
1.6468,1
1.6474,1
1.648,1
1.6486,1
1.6492,1
1.6498,1
1.6504,1
1.651,1
1.6516,1
1.6522,1
1.6528,1
1.6534,1
1.654,1
1.6546,1
1.6552,1
1.6558,1
1.6564,1
1.657,1
1.6576,1
1.6582,1
1.6588,1
1.6594,1
1.66,1
1.6606,1
1.6612,1
1.6618,1
1.6624,1
1.663,1
1.6636,1
1.6642,1
1.6648,1
1.6654,1
1.666,1
1.6666,1
1.6672,1
1.6678,1
1.6684,1
1.669,1
1.6696,1
1.6702,1
1.6708,1
1.6714,1
1.672,1
1.6726,1
1.6732,1
1.6738,1
1.6744,1
1.675,1
1.6756,1
1.6762,1
1.6768,1
1.6774,1
1.678,1
1.6786,1
1.6792,1
1.6798,1
1.6804,1
1.681,1
1.6816,1
1.6822,1
1.6828,1
1.6834,1
1.684,1
1.6846,1
1.6852,1
1.6858,1
1.6864,1
1.687,1
1.6876,1
1.6882,1
1.6888,1
1.6894,1
1.69,1
1.6906,1
1.6912,1
1.6918,1
1.6924,1
1.693,1
1.6936,1
1.6942,1
1.6948,1
1.6954,1
1.696,1
1.6966,1
1.6972,1
1.6978,1
1.6984,1
1.699,1
1.6996,1
1.7002,1
1.7008,1
1.7014,1
1.702,1
1.7026,1
1.7032,1
1.7038,1
1.7044,1
1.705,1
1.7056,1
1.7062,1
1.7068,1
1.7074,1
1.708,1
1.7086,1
1.7092,1
1.7098,1
1.7104,1
1.711,1
1.7116,1
1.7122,1
1.7128,1
1.7134,1
1.714,1
1.7146,1
1.7152,1
1.7158,1
1.7164,1
1.717,1
1.7176,1
1.7182,1
1.7188,1
1.7194,1
1.72,1
1.7206,1
1.7212,1
1.7218,1
1.7224,1
1.723,1
1.7236,1
1.7242,1
1.7248,1
1.7254,1
1.726,1
1.7266,1
1.7272,1
1.7278,1
1.7284,1
1.729,1
1.7296,1
1.7302,1
1.7308,1
1.7314,1
1.732,1
1.7326,1
1.7332,1
1.7338,1
1.7344,1
1.735,1
1.7356,1
1.7362,1
1.7368,1
1.7374,1
1.738,1
1.7386,1
1.7392,1
1.7398,1
1.7404,1
1.741,1
1.7416,1
1.7422,1
1.7428,1
1.7434,1
1.744,1
1.7446,1
1.7452,1
1.7458,1
1.7464,1
1.747,1
1.7476,1
1.7482,1
1.7488,1
1.7494,1
1.75,1
1.7506,1
1.7512,1
1.7518,1
1.7524,1
1.753,1
1.7536,1
1.7542,1
1.7548,1
1.7554,1
1.756,1
1.7566,1
1.7572,1
1.7578,1
1.7584,1
1.759,1
1.7596,1
1.7602,1
1.7608,1
1.7614,1
1.762,1
1.7626,1
1.7632,1
1.7638,1
1.7644,1
1.765,1
1.7656,1
1.7662,1
1.7668,1
1.7674,1
1.768,1
1.7686,1
1.7692,1
1.7698,1
1.7704,1
1.771,1
1.7716,1
1.7722,1
1.7728,1
1.7734,1
1.774,1
1.7746,1
1.7752,1
1.7758,1
1.7764,1
1.777,1
1.7776,1
1.7782,1
1.7788,1
1.7794,1
1.78,1
1.7806,1
1.7812,1
1.7818,1
1.7824,1
1.783,1
1.7836,1
1.7842,1
1.7848,1
1.7854,1
1.786,1
1.7866,1
1.7872,1
1.7878,1
1.7884,1
1.789,1
1.7896,1
1.7902,1
1.7908,1
1.7914,1
1.792,1
1.7926,1
1.7932,1
1.7938,1
1.7944,1
1.795,1
1.7956,1
1.7962,1
1.7968,1
1.7974,1
1.798,1
1.7986,1
1.7992,1
1.7998,1
1.8004,1
1.801,1
1.8016,1
1.8022,1
1.8028,1
1.8034,1
1.804,1
1.8046,1
1.8052,1
1.8058,1
1.8064,1
1.807,1
1.8076,1
1.8082,1
1.8088,1
1.8094,1
1.81,1
1.8106,1
1.8112,1
1.8118,1
1.8124,1
1.813,1
1.8136,1
1.8142,1
1.8148,1
1.8154,1
1.816,1
1.8166,1
1.8172,1
1.8178,1
1.8184,1
1.819,1
1.8196,1
1.8202,1
1.8208,1
1.8214,1
1.822,1
1.8226,1
1.8232,1
1.8238,1
1.8244,1
1.825,1
1.8256,1
1.8262,1
1.8268,1
1.8274,1
1.828,1
1.8286,1
1.8292,1
1.8298,1
1.8304,1
1.831,1
1.8316,1
1.8322,1
1.8328,1
1.8334,1
1.834,1
1.8346,1
1.8352,1
1.8358,1
1.8364,1
1.837,1
1.8376,1
1.8382,1
1.8388,1
1.8394,1
1.84,1
1.8406,1
1.8412,1
1.8418,1
1.8424,1
1.843,1
1.8436,1
1.8442,1
1.8448,1
1.8454,1
1.846,1
1.8466,1
1.8472,1
1.8478,1
1.8484,1
1.849,1
1.8496,1
1.8502,1
1.8508,1
1.8514,1
1.852,1
1.8526,1
1.8532,1
1.8538,1
1.8544,1
1.855,1
1.8556,1
1.8562,1
1.8568,1
1.8574,1
1.858,1
1.8586,1
1.8592,1
1.8598,1
1.8604,1
1.861,1
1.8616,1
1.8622,1
1.8628,1
1.8634,1
1.864,1
1.8646,1
1.8652,1
1.8658,1
1.8664,1
1.867,1
1.8676,1
1.8682,1
1.8688,1
1.8694,1
1.87,1
1.8706,1
1.8712,1
1.8718,1
1.8724,1
1.873,1
1.8736,1
1.8742,1
1.8748,1
1.8754,1
1.876,1
1.8766,1
1.8772,1
1.8778,1
1.8784,1
1.879,1
1.8796,1
1.8802,1
1.8808,1
1.8814,1
1.882,1
1.8826,1
1.8832,1
1.8838,1
1.8844,1
1.885,1
1.8856,1
1.8862,1
1.8868,1
1.8874,1
1.888,1
1.8886,1
1.8892,1
1.8898,1
1.8904,1
1.891,1
1.8916,1
1.8922,1
1.8928,1
1.8934,1
1.894,1
1.8946,1
1.8952,1
1.8958,1
1.8964,1
1.897,1
1.8976,1
1.8982,1
1.8988,1
1.8994,1
1.9,1
1.9006,1
1.9012,1
1.9018,1
1.9024,1
1.903,1
1.9036,1
1.9042,1
1.9048,1
1.9054,1
1.906,1
1.9066,1
1.9072,1
1.9078,1
1.9084,1
1.909,1
1.9096,1
1.9102,1
1.9108,1
1.9114,1
1.912,1
1.9126,1
1.9132,1
1.9138,1
1.9144,1
1.915,1
1.9156,1
1.9162,1
1.9168,1
1.9174,1
1.918,1
1.9186,1
1.9192,1
1.9198,1
1.9204,1
1.921,1
1.9216,1
1.9222,1
1.9228,1
1.9234,1
1.924,1
1.9246,1
1.9252,1
1.9258,1
1.9264,1
1.927,1
1.9276,1
1.9282,1
1.9288,1
1.9294,1
1.93,1
1.9306,1
1.9312,1
1.9318,1
1.9324,1
1.933,1
1.9336,1
1.9342,1
1.9348,1
1.9354,1
1.936,1
1.9366,1
1.9372,1
1.9378,1
1.9384,1
1.939,1
1.9396,1
1.9402,1
1.9408,1
1.9414,1
1.942,1
1.9426,1
1.9432,1
1.9438,1
1.9444,1
1.945,1
1.9456,1
1.9462,1
1.9468,1
1.9474,1
1.948,1
1.9486,1
1.9492,1
1.9498,1
1.9504,1
1.951,1
1.9516,1
1.9522,1
1.9528,1
1.9534,1
1.954,1
1.9546,1
1.9552,1
1.9558,1
1.9564,1
1.957,1
1.9576,1
1.9582,1
1.9588,1
1.9594,1
1.96,1
1.9606,1
1.9612,1
1.9618,1
1.9624,1
1.963,1
1.9636,1
1.9642,1
1.9648,1
1.9654,1
1.966,1
1.9666,1
1.9672,1
1.9678,1
1.9684,1
1.969,1
1.9696,1
1.9702,1
1.9708,1
1.9714,1
1.972,1
1.9726,1
1.9732,1
1.9738,1
1.9744,1
1.975,1
1.9756,1
1.9762,1
1.9768,1
1.9774,1
1.978,1
1.9786,1
1.9792,1
1.9798,1
1.9804,1
1.981,1
1.9816,1
1.9822,1
1.9828,1
1.9834,1
1.984,1
1.9846,1
1.9852,1
1.9858,1
1.9864,1
1.987,1
1.9876,1
1.9882,1
1.9888,1
1.9894,1
1.99,1
1.9906,1
1.9912,1
1.9918,1
1.9924,1
1.993,1
1.9936,1
1.9942,1
1.9948,1
1.9954,1
1.996,1
1.9966,1
1.9972,1
1.9978,1
1.9984,1
1.999,1
1.9996,1
2.0002,1
2.0008,1
2.0014,1
2.002,1
2.0026,1
2.0032,1
2.0038,1
2.0044,1
2.005,1
2.0056,1
2.0062,1
2.0068,1
2.0074,1
2.008,1
2.0086,1
2.0092,1
2.0098,1
2.0104,1
2.011,1
2.0116,1
2.0122,1
2.0128,1
2.0134,1
2.014,1
2.0146,1
2.0152,1
2.0158,1
2.0164,1
2.017,1
2.0176,1
2.0182,1
2.0188,1
2.0194,1
2.02,1
2.0206,1
2.0212,1
2.0218,1
2.0224,1
2.023,1
2.0236,1
2.0242,1
2.0248,1
2.0254,1
2.026,1
2.0266,1
2.0272,1
2.0278,1
2.0284,1
2.029,1
2.0296,1
2.0302,1
2.0308,1
2.0314,1
2.032,1
2.0326,1
2.0332,1
2.0338,1
2.0344,1
2.035,1
2.0356,1
2.0362,1
2.0368,1
2.0374,1
2.038,1
2.0386,1
2.0392,1
2.0398,1
2.0404,1
2.041,1
2.0416,1
2.0422,1
2.0428,1
2.0434,1
2.044,1
2.0446,1
2.0452,1
2.0458,1
2.0464,1
2.047,1
2.0476,1
2.0482,1
2.0488,1
2.0494,1
2.05,1
2.0506,1
2.0512,1
2.0518,1
2.0524,1
2.053,1
2.0536,1
2.0542,1
2.0548,1
2.0554,1
2.056,1
2.0566,1
2.0572,1
2.0578,1
2.0584,1
2.059,1
2.0596,1
2.0602,1
2.0608,1
2.0614,1
2.062,1
2.0626,1
2.0632,1
2.0638,1
2.0644,1
2.065,1
2.0656,1
2.0662,1
2.0668,1
2.0674,1
2.068,1
2.0686,1
2.0692,1
2.0698,1
2.0704,1
2.071,1
2.0716,1
2.0722,1
2.0728,1
2.0734,1
2.074,1
2.0746,1
2.0752,1
2.0758,1
2.0764,1
2.077,1
2.0776,1
2.0782,1
2.0788,1
2.0794,1
2.08,1
2.0806,1
2.0812,1
2.0818,1
2.0824,1
2.083,1
2.0836,1
2.0842,1
2.0848,1
2.0854,1
2.086,1
2.0866,1
2.0872,1
2.0878,1
2.0884,1
2.089,1
2.0896,1
2.0902,1
2.0908,1
2.0914,1
2.092,1
2.0926,1
2.0932,1
2.0938,1
2.0944,1
2.095,1
2.0956,1
2.0962,1
2.0968,1
2.0974,1
2.098,1
2.0986,1
2.0992,1
2.0998,1
2.1004,1
2.101,1
2.1016,1
2.1022,1
2.1028,1
2.1034,1
2.104,1
2.1046,1
2.1052,1
2.1058,1
2.1064,1
2.107,1
2.1076,1
2.1082,1
2.1088,1
2.1094,1
2.11,1
2.1106,1
2.1112,1
2.1118,1
2.1124,1
2.113,1
2.1136,1
2.1142,1
2.1148,1
2.1154,1
2.116,1
2.1166,1
2.1172,1
2.1178,1
2.1184,1
2.119,1
2.1196,1
2.1202,1
2.1208,1
2.1214,1
2.122,1
2.1226,1
2.1232,1
2.1238,1
2.1244,1
2.125,1
2.1256,1
2.1262,1
2.1268,1
2.1274,1
2.128,1
2.1286,1
2.1292,1
2.1298,1
2.1304,1
2.131,1
2.1316,1
2.1322,1
2.1328,1
2.1334,1
2.134,1
2.1346,1
2.1352,1
2.1358,1
2.1364,1
2.137,1
2.1376,1
2.1382,1
2.1388,1
2.1394,1
2.14,1
2.1406,1
2.1412,1
2.1418,1
2.1424,1
2.143,1
2.1436,1
2.1442,1
2.1448,1
2.1454,1
2.146,1
2.1466,1
2.1472,1
2.1478,1
2.1484,1
2.149,1
2.1496,1
2.1502,1
2.1508,1
2.1514,1
2.152,1
2.1526,1
2.1532,1
2.1538,1
2.1544,1
2.155,1
2.1556,1
2.1562,1
2.1568,1
2.1574,1
2.158,1
2.1586,1
2.1592,1
2.1598,1
2.1604,1
2.161,1
2.1616,1
2.1622,1
2.1628,1
2.1634,1
2.164,1
2.1646,1
2.1652,1
2.1658,1
2.1664,1
2.167,1
2.1676,1
2.1682,1
2.1688,1
2.1694,1
2.17,1
2.1706,1
2.1712,1
2.1718,1
2.1724,1
2.173,1
2.1736,1
2.1742,1
2.1748,1
2.1754,1
2.176,1
2.1766,1
2.1772,1
2.1778,1
2.1784,1
2.179,1
2.1796,1
2.1802,1
2.1808,1
2.1814,1
2.182,1
2.1826,1
2.1832,1
2.1838,1
2.1844,1
2.185,1
2.1856,1
2.1862,1
2.1868,1
2.1874,1
2.188,1
2.1886,1
2.1892,1
2.1898,1
2.1904,1
2.191,1
2.1916,1
2.1922,1
2.1928,1
2.1934,1
2.194,1
2.1946,1
2.1952,1
2.1958,1
2.1964,1
2.197,1
2.1976,1
2.1982,1
2.1988,1
2.1994,1
2.2,1
2.2006,1
2.2012,1
2.2018,1
2.2024,1
2.203,1
2.2036,1
2.2042,1
2.2048,1
2.2054,1
2.206,1
2.2066,1
2.2072,1
2.2078,1
2.2084,1
2.209,1
2.2096,1
2.2102,1
2.2108,1
2.2114,1
2.212,1
2.2126,1
2.2132,1
2.2138,1
2.2144,1
2.215,1
2.2156,1
2.2162,1
2.2168,1
2.2174,1
2.218,1
2.2186,1
2.2192,1
2.2198,1
2.2204,1
2.221,1
2.2216,1
2.2222,1
2.2228,1
2.2234,1
2.224,1
2.2246,1
2.2252,1
2.2258,1
2.2264,1
2.227,1
2.2276,1
2.2282,1
2.2288,1
2.2294,1
2.23,1
2.2306,1
2.2312,1
2.2318,1
2.2324,1
2.233,1
2.2336,1
2.2342,1
2.2348,1
2.2354,1
2.236,1
2.2366,1
2.2372,1
2.2378,1
2.2384,1
2.239,1
2.2396,1
2.2402,1
2.2408,1
2.2414,1
2.242,1
2.2426,1
2.2432,1
2.2438,1
2.2444,1
2.245,1
2.2456,1
2.2462,1
2.2468,1
2.2474,1
2.248,1
2.2486,1
2.2492,1
2.2498,1
2.2504,1
2.251,1
2.2516,1
2.2522,1
2.2528,1
2.2534,1
2.254,1
2.2546,1
2.2552,1
2.2558,1
2.2564,1
2.257,1
2.2576,1
2.2582,1
2.2588,1
2.2594,1
2.26,1
2.2606,1
2.2612,1
2.2618,1
2.2624,1
2.263,1
2.2636,1
2.2642,1
2.2648,1
2.2654,1
2.266,1
2.2666,1
2.2672,1
2.2678,1
2.2684,1
2.269,1
2.2696,1
2.2702,1
2.2708,1
2.2714,1
2.272,1
2.2726,1
2.2732,1
2.2738,1
2.2744,1
2.275,1
2.2756,1
2.2762,1
2.2768,1
2.2774,1
2.278,1
2.2786,1
2.2792,1
2.2798,1
2.2804,1
2.281,1
2.2816,1
2.2822,1
2.2828,1
2.2834,1
2.284,1
2.2846,1
2.2852,1
2.2858,1
2.2864,1
2.287,1
2.2876,1
2.2882,1
2.2888,1
2.2894,1
2.29,1
2.2906,1
2.2912,1
2.2918,1
2.2924,1
2.293,1
2.2936,1
2.2942,1
2.2948,1
2.2954,1
2.296,1
2.2966,1
2.2972,1
2.2978,1
2.2984,1
2.299,1
2.2996,1
2.3002,1
2.3008,1
2.3014,1
2.302,1
2.3026,1
2.3032,1
2.3038,1
2.3044,1
2.305,1
2.3056,1
2.3062,1
2.3068,1
2.3074,1
2.308,1
2.3086,1
2.3092,1
2.3098,1
2.3104,1
2.311,1
2.3116,1
2.3122,1
2.3128,1
2.3134,1
2.314,1
2.3146,1
2.3152,1
2.3158,1
2.3164,1
2.317,1
2.3176,1
2.3182,1
2.3188,1
2.3194,1
2.32,1
2.3206,1
2.3212,1
2.3218,1
2.3224,1
2.323,1
2.3236,1
2.3242,1
2.3248,1
2.3254,1
2.326,1
2.3266,1
2.3272,1
2.3278,1
2.3284,1
2.329,1
2.3296,1
2.3302,1
2.3308,1
2.3314,1
2.332,1
2.3326,1
2.3332,1
2.3338,1
2.3344,1
2.335,1
2.3356,1
2.3362,1
2.3368,1
2.3374,1
2.338,1
2.3386,1
2.3392,1
2.3398,1
2.3404,1
2.341,1
2.3416,1
2.3422,1
2.3428,1
2.3434,1
2.344,1
2.3446,1
2.3452,1
2.3458,1
2.3464,1
2.347,1
2.3476,1
2.3482,1
2.3488,1
2.3494,1
2.35,1
2.3506,1
2.3512,1
2.3518,1
2.3524,1
2.353,1
2.3536,1
2.3542,1
2.3548,1
2.3554,1
2.356,1
2.3566,1
2.3572,1
2.3578,1
2.3584,1
2.359,1
2.3596,1
2.3602,1
2.3608,1
2.3614,1
2.362,1
2.3626,1
2.3632,1
2.3638,1
2.3644,1
2.365,1
2.3656,1
2.3662,1
2.3668,1
2.3674,1
2.368,1
2.3686,1
2.3692,1
2.3698,1
2.3704,1
2.371,1
2.3716,1
2.3722,1
2.3728,1
2.3734,1
2.374,1
2.3746,1
2.3752,1
2.3758,1
2.3764,1
2.377,1
2.3776,1
2.3782,1
2.3788,1
2.3794,1
2.38,1
2.3806,1
2.3812,1
2.3818,1
2.3824,1
2.383,1
2.3836,1
2.3842,1
2.3848,1
2.3854,1
2.386,1
2.3866,1
2.3872,1
2.3878,1
2.3884,1
2.389,1
2.3896,1
2.3902,1
2.3908,1
2.3914,1
2.392,1
2.3926,1
2.3932,1
2.3938,1
2.3944,1
2.395,1
2.3956,1
2.3962,1
2.3968,1
2.3974,1
2.398,1
2.3986,1
2.3992,1
2.3998,1
2.4004,1
2.401,1
2.4016,1
2.4022,1
2.4028,1
2.4034,1
2.404,1
2.4046,1
2.4052,1
2.4058,1
2.4064,1
2.407,1
2.4076,1
2.4082,1
2.4088,1
2.4094,1
2.41,1
2.4106,1
2.4112,1
2.4118,1
2.4124,1
2.413,1
2.4136,1
2.4142,1
2.4148,1
2.4154,1
2.416,1
2.4166,1
2.4172,1
2.4178,1
2.4184,1
2.419,1
2.4196,1
2.4202,1
2.4208,1
2.4214,1
2.422,1
2.4226,1
2.4232,1
2.4238,1
2.4244,1
2.425,1
2.4256,1
2.4262,1
2.4268,1
2.4274,1
2.428,1
2.4286,1
2.4292,1
2.4298,1
2.4304,1
2.431,1
2.4316,1
2.4322,1
2.4328,1
2.4334,1
2.434,1
2.4346,1
2.4352,1
2.4358,1
2.4364,1
2.437,1
2.4376,1
2.4382,1
2.4388,1
2.4394,1
2.44,1
2.4406,1
2.4412,1
2.4418,1
2.4424,1
2.443,1
2.4436,1
2.4442,1
2.4448,1
2.4454,1
2.446,1
2.4466,1
2.4472,1
2.4478,1
2.4484,1
2.449,1
2.4496,1
2.4502,1
2.4508,1
2.4514,1
2.452,1
2.4526,1
2.4532,1
2.4538,1
2.4544,1
2.455,1
2.4556,1
2.4562,1
2.4568,1
2.4574,1
2.458,1
2.4586,1
2.4592,1
2.4598,1
2.4604,1
2.461,1
2.4616,1
2.4622,1
2.4628,1
2.4634,1
2.464,1
2.4646,1
2.4652,1
2.4658,1
2.4664,1
2.467,1
2.4676,1
2.4682,1
2.4688,1
2.4694,1
2.47,1
2.4706,1
2.4712,1
2.4718,1
2.4724,1
2.473,1
2.4736,1
2.4742,1
2.4748,1
2.4754,1
2.476,1
2.4766,1
2.4772,1
2.4778,1
2.4784,1
2.479,1
2.4796,1
2.4802,1
2.4808,1
2.4814,1
2.482,1
2.4826,1
2.4832,1
2.4838,1
2.4844,1
2.485,1
2.4856,1
2.4862,1
2.4868,1
2.4874,1
2.488,1
2.4886,1
2.4892,1
2.4898,1
2.4904,1
2.491,1
2.4916,1
2.4922,1
2.4928,1
2.4934,1
2.494,1
2.4946,1
2.4952,1
2.4958,1
2.4964,1
2.497,1
2.4976,1
2.4982,1
2.4988,1
2.4994,1
2.5,1
2.5006,1
2.5012,1
2.5018,1
2.5024,1
2.503,1
2.5036,1
2.5042,1
2.5048,1
2.5054,1
2.506,1
2.5066,1
2.5072,1
2.5078,1
2.5084,1
2.509,1
2.5096,1
2.5102,1
2.5108,1
2.5114,1
2.512,1
2.5126,1
2.5132,1
2.5138,1
2.5144,1
2.515,1
2.5156,1
2.5162,1
2.5168,1
2.5174,1
2.518,1
2.5186,1
2.5192,1
2.5198,1
2.5204,1
2.521,1
2.5216,1
2.5222,1
2.5228,1
2.5234,1
2.524,1
2.5246,1
2.5252,1
2.5258,1
2.5264,1
2.527,1
2.5276,1
2.5282,1
2.5288,1
2.5294,1
2.53,1
2.5306,1
2.5312,1
2.5318,1
2.5324,1
2.533,1
2.5336,1
2.5342,1
2.5348,1
2.5354,1
2.536,1
2.5366,1
2.5372,1
2.5378,1
2.5384,1
2.539,1
2.5396,1
2.5402,1
2.5408,1
2.5414,1
2.542,1
2.5426,1
2.5432,1
2.5438,1
2.5444,1
2.545,1
2.5456,1
2.5462,1
2.5468,1
2.5474,1
2.548,1
2.5486,1
2.5492,1
2.5498,1
2.5504,1
2.551,1
2.5516,1
2.5522,1
2.5528,1
2.5534,1
2.554,1
2.5546,1
2.5552,1
2.5558,1
2.5564,1
2.557,1
2.5576,1
2.5582,1
2.5588,1
2.5594,1
2.56,1
2.5606,1
2.5612,1
2.5618,1
2.5624,1
2.563,1
2.5636,1
2.5642,1
2.5648,1
2.5654,1
2.566,1
2.5666,1
2.5672,1
2.5678,1
2.5684,1
2.569,1
2.5696,1
2.5702,1
2.5708,1
2.5714,1
2.572,1
2.5726,1
2.5732,1
2.5738,1
2.5744,1
2.575,1
2.5756,1
2.5762,1
2.5768,1
2.5774,1
2.578,1
2.5786,1
2.5792,1
2.5798,1
2.5804,1
2.581,1
2.5816,1
2.5822,1
2.5828,1
2.5834,1
2.584,1
2.5846,1
2.5852,1
2.5858,1
2.5864,1
2.587,1
2.5876,1
2.5882,1
2.5888,1
2.5894,1
2.59,1
2.5906,1
2.5912,1
2.5918,1
2.5924,1
2.593,1
2.5936,1
2.5942,1
2.5948,1
2.5954,1
2.596,1
2.5966,1
2.5972,1
2.5978,1
2.5984,1
2.599,1
2.5996,1
2.6002,1
2.6008,1
2.6014,1
2.602,1
2.6026,1
2.6032,1
2.6038,1
2.6044,1
2.605,1
2.6056,1
2.6062,1
2.6068,1
2.6074,1
2.608,1
2.6086,1
2.6092,1
2.6098,1
2.6104,1
2.611,1
2.6116,1
2.6122,1
2.6128,1
2.6134,1
2.614,1
2.6146,1
2.6152,1
2.6158,1
2.6164,1
2.617,1
2.6176,1
2.6182,1
2.6188,1
2.6194,1
2.62,1
2.6206,1
2.6212,1
2.6218,1
2.6224,1
2.623,1
2.6236,1
2.6242,1
2.6248,1
2.6254,1
2.626,1
2.6266,1
2.6272,1
2.6278,1
2.6284,1
2.629,1
2.6296,1
2.6302,1
2.6308,1
2.6314,1
2.632,1
2.6326,1
2.6332,1
2.6338,1
2.6344,1
2.635,1
2.6356,1
2.6362,1
2.6368,1
2.6374,1
2.638,1
2.6386,1
2.6392,1
2.6398,1
2.6404,1
2.641,1
2.6416,1
2.6422,1
2.6428,1
2.6434,1
2.644,1
2.6446,1
2.6452,1
2.6458,1
2.6464,1
2.647,1
2.6476,1
2.6482,1
2.6488,1
2.6494,1
2.65,1
2.6506,1
2.6512,1
2.6518,1
2.6524,1
2.653,1
2.6536,1
2.6542,1
2.6548,1
2.6554,1
2.656,1
2.6566,1
2.6572,1
2.6578,1
2.6584,1
2.659,1
2.6596,1
2.6602,1
2.6608,1
2.6614,1
2.662,1
2.6626,1
2.6632,1
2.6638,1
2.6644,1
2.665,1
2.6656,1
2.6662,1
2.6668,1
2.6674,1
2.668,1
2.6686,1
2.6692,1
2.6698,1
2.6704,1
2.671,1
2.6716,1
2.6722,1
2.6728,1
2.6734,1
2.674,1
2.6746,1
2.6752,1
2.6758,1
2.6764,1
2.677,1
2.6776,1
2.6782,1
2.6788,1
2.6794,1
2.68,1
2.6806,1
2.6812,1
2.6818,1
2.6824,1
2.683,1
2.6836,1
2.6842,1
2.6848,1
2.6854,1
2.686,1
2.6866,1
2.6872,1
2.6878,1
2.6884,1
2.689,1
2.6896,1
2.6902,1
2.6908,1
2.6914,1
2.692,1
2.6926,1
2.6932,1
2.6938,1
2.6944,1
2.695,1
2.6956,1
2.6962,1
2.6968,1
2.6974,1
2.698,1
2.6986,1
2.6992,1
2.6998,1
2.7004,1
2.701,1
2.7016,1
2.7022,1
2.7028,1
2.7034,1
2.704,1
2.7046,1
2.7052,1
2.7058,1
2.7064,1
2.707,1
2.7076,1
2.7082,1
2.7088,1
2.7094,1
2.71,1
2.7106,1
2.7112,1
2.7118,1
2.7124,1
2.713,1
2.7136,1
2.7142,1
2.7148,1
2.7154,1
2.716,1
2.7166,1
2.7172,1
2.7178,1
2.7184,1
2.719,1
2.7196,1
2.7202,1
2.7208,1
2.7214,1
2.722,1
2.7226,1
2.7232,1
2.7238,1
2.7244,1
2.725,1
2.7256,1
2.7262,1
2.7268,1
2.7274,1
2.728,1
2.7286,1
2.7292,1
2.7298,1
2.7304,1
2.731,1
2.7316,1
2.7322,1
2.7328,1
2.7334,1
2.734,1
2.7346,1
2.7352,1
2.7358,1
2.7364,1
2.737,1
2.7376,1
2.7382,1
2.7388,1
2.7394,1
2.74,1
2.7406,1
2.7412,1
2.7418,1
2.7424,1
2.743,1
2.7436,1
2.7442,1
2.7448,1
2.7454,1
2.746,1
2.7466,1
2.7472,1
2.7478,1
2.7484,1
2.749,1
2.7496,1
2.7502,1
2.7508,1
2.7514,1
2.752,1
2.7526,1
2.7532,1
2.7538,1
2.7544,1
2.755,1
2.7556,1
2.7562,1
2.7568,1
2.7574,1
2.758,1
2.7586,1
2.7592,1
2.7598,1
2.7604,1
2.761,1
2.7616,1
2.7622,1
2.7628,1
2.7634,1
2.764,1
2.7646,1
2.7652,1
2.7658,1
2.7664,1
2.767,1
2.7676,1
2.7682,1
2.7688,1
2.7694,1
2.77,1
2.7706,1
2.7712,1
2.7718,1
2.7724,1
2.773,1
2.7736,1
2.7742,1
2.7748,1
2.7754,1
2.776,1
2.7766,1
2.7772,1
2.7778,1
2.7784,1
2.779,1
2.7796,1
2.7802,1
2.7808,1
2.7814,1
2.782,1
2.7826,1
2.7832,1
2.7838,1
2.7844,1
2.785,1
2.7856,1
2.7862,1
2.7868,1
2.7874,1
2.788,1
2.7886,1
2.7892,1
2.7898,1
2.7904,1
2.791,1
2.7916,1
2.7922,1
2.7928,1
2.7934,1
2.794,1
2.7946,1
2.7952,1
2.7958,1
2.7964,1
2.797,1
2.7976,1
2.7982,1
2.7988,1
2.7994,1
2.8,1
2.8006,1
2.8012,1
2.8018,1
2.8024,1
2.803,1
2.8036,1
2.8042,1
2.8048,1
2.8054,1
2.806,1
2.8066,1
2.8072,1
2.8078,1
2.8084,1
2.809,1
2.8096,1
2.8102,1
2.8108,1
2.8114,1
2.812,1
2.8126,1
2.8132,1
2.8138,1
2.8144,1
2.815,1
2.8156,1
2.8162,1
2.8168,1
2.8174,1
2.818,1
2.8186,1
2.8192,1
2.8198,1
2.8204,1
2.821,1
2.8216,1
2.8222,1
2.8228,1
2.8234,1
2.824,1
2.8246,1
2.8252,1
2.8258,1
2.8264,1
2.827,1
2.8276,1
2.8282,1
2.8288,1
2.8294,1
2.83,1
2.8306,1
2.8312,1
2.8318,1
2.8324,1
2.833,1
2.8336,1
2.8342,1
2.8348,1
2.8354,1
2.836,1
2.8366,1
2.8372,1
2.8378,1
2.8384,1
2.839,1
2.8396,1
2.8402,1
2.8408,1
2.8414,1
2.842,1
2.8426,1
2.8432,1
2.8438,1
2.8444,1
2.845,1
2.8456,1
2.8462,1
2.8468,1
2.8474,1
2.848,1
2.8486,1
2.8492,1
2.8498,1
2.8504,1
2.851,1
2.8516,1
2.8522,1
2.8528,1
2.8534,1
2.854,1
2.8546,1
2.8552,1
2.8558,1
2.8564,1
2.857,1
2.8576,1
2.8582,1
2.8588,1
2.8594,1
2.86,1
2.8606,1
2.8612,1
2.8618,1
2.8624,1
2.863,1
2.8636,1
2.8642,1
2.8648,1
2.8654,1
2.866,1
2.8666,1
2.8672,1
2.8678,1
2.8684,1
2.869,1
2.8696,1
2.8702,1
2.8708,1
2.8714,1
2.872,1
2.8726,1
2.8732,1
2.8738,1
2.8744,1
2.875,1
2.8756,1
2.8762,1
2.8768,1
2.8774,1
2.878,1
2.8786,1
2.8792,1
2.8798,1
2.8804,1
2.881,1
2.8816,1
2.8822,1
2.8828,1
2.8834,1
2.884,1
2.8846,1
2.8852,1
2.8858,1
2.8864,1
2.887,1
2.8876,1
2.8882,1
2.8888,1
2.8894,1
2.89,1
2.8906,1
2.8912,1
2.8918,1
2.8924,1
2.893,1
2.8936,1
2.8942,1
2.8948,1
2.8954,1
2.896,1
2.8966,1
2.8972,1
2.8978,1
2.8984,1
2.899,1
2.8996,1
2.9002,1
2.9008,1
2.9014,1
2.902,1
2.9026,1
2.9032,1
2.9038,1
2.9044,1
2.905,1
2.9056,1
2.9062,1
2.9068,1
2.9074,1
2.908,1
2.9086,1
2.9092,1
2.9098,1
2.9104,1
2.911,1
2.9116,1
2.9122,1
2.9128,1
2.9134,1
2.914,1
2.9146,1
2.9152,1
2.9158,1
2.9164,1
2.917,1
2.9176,1
2.9182,1
2.9188,1
2.9194,1
2.92,1
2.9206,1
2.9212,1
2.9218,1
2.9224,1
2.923,1
2.9236,1
2.9242,1
2.9248,1
2.9254,1
2.926,1
2.9266,1
2.9272,1
2.9278,1
2.9284,1
2.929,1
2.9296,1
2.9302,1
2.9308,1
2.9314,1
2.932,1
2.9326,1
2.9332,1
2.9338,1
2.9344,1
2.935,1
2.9356,1
2.9362,1
2.9368,1
2.9374,1
2.938,1
2.9386,1
2.9392,1
2.9398,1
2.9404,1
2.941,1
2.9416,1
2.9422,1
2.9428,1
2.9434,1
2.944,1
2.9446,1
2.9452,1
2.9458,1
2.9464,1
2.947,1
2.9476,1
2.9482,1
2.9488,1
2.9494,1
2.95,1
2.9506,1
2.9512,1
2.9518,1
2.9524,1
2.953,1
2.9536,1
2.9542,1
2.9548,1
2.9554,1
2.956,1
2.9566,1
2.9572,1
2.9578,1
2.9584,1
2.959,1
2.9596,1
2.9602,1
2.9608,1
2.9614,1
2.962,1
2.9626,1
2.9632,1
2.9638,1
2.9644,1
2.965,1
2.9656,1
2.9662,1
2.9668,1
2.9674,1
2.968,1
2.9686,1
2.9692,1
2.9698,1
2.9704,1
2.971,1
2.9716,1
2.9722,1
2.9728,1
2.9734,1
2.974,1
2.9746,1
2.9752,1
2.9758,1
2.9764,1
2.977,1
2.9776,1
2.9782,1
2.9788,1
2.9794,1
2.98,1
2.9806,1
2.9812,1
2.9818,1
2.9824,1
2.983,1
2.9836,1
2.9842,1
2.9848,1
2.9854,1
2.986,1
2.9866,1
2.9872,1
2.9878,1
2.9884,1
2.989,1
2.9896,1
2.9902,1
2.9908,1
2.9914,1
2.992,1
2.9926,1
2.9932,1
2.9938,1
2.9944,1
2.995,1
2.9956,1
2.9962,1
2.9968,1
2.9974,1
2.998,1
2.9986,2
2.9992,2
2.9998,256
3.0004,2
3.001,2
3.0016,2
3.0022,2
3.0028,2
3.0034,2
3.004,2
3.0046,2
3.0052,2
3.0058,2
3.0064,2
3.007,2
3.0076,2
3.0082,2
3.0088,2
3.0094,2
3.01,2
3.0106,2
3.0112,2
3.0118,2
3.0124,2
3.013,2
3.0136,2
3.0142,2
3.0148,2
3.0154,2
3.016,2
3.0166,2
3.0172,2
3.0178,2
3.0184,2
3.019,2
3.0196,2
3.0202,2
3.0208,2
3.0214,2
3.022,2
3.0226,2
3.0232,2
3.0238,2
3.0244,2
3.025,2
3.0256,2
3.0262,2
3.0268,2
3.0274,2
3.028,2
3.0286,2
3.0292,2
3.0298,2
3.0304,2
3.031,2
3.0316,2
3.0322,2
3.0328,2
3.0334,2
3.034,2
3.0346,2
3.0352,2
3.0358,2
3.0364,2
3.037,2
3.0376,2
3.0382,2
3.0388,2
3.0394,2
3.04,2
3.0406,2
3.0412,2
3.0418,2
3.0424,2
3.043,2
3.0436,2
3.0442,2
3.0448,2
3.0454,2
3.046,2
3.0466,2
3.0472,2
3.0478,2
3.0484,2
3.049,2
3.0496,2
3.0502,2
3.0508,2
3.0514,2
3.052,2
3.0526,2
3.0532,2
3.0538,2
3.0544,2
3.055,2
3.0556,2
3.0562,2
3.0568,2
3.0574,2
3.058,2
3.0586,2
3.0592,2
3.0598,2
3.0604,2
3.061,2
3.0616,2
3.0622,2
3.0628,2
3.0634,2
3.064,2
3.0646,2
3.0652,2
3.0658,2
3.0664,2
3.067,2
3.0676,2
3.0682,2
3.0688,2
3.0694,2
3.07,2
3.0706,2
3.0712,2
3.0718,2
3.0724,2
3.073,2
3.0736,2
3.0742,2
3.0748,2
3.0754,2
3.076,2
3.0766,2
3.0772,2
3.0778,2
3.0784,2
3.079,2
3.0796,2
3.0802,2
3.0808,2
3.0814,2
3.082,2
3.0826,2
3.0832,2
3.0838,2
3.0844,2
3.085,2
3.0856,2
3.0862,2
3.0868,2
3.0874,2
3.088,2
3.0886,2
3.0892,2
3.0898,2
3.0904,2
3.091,2
3.0916,2
3.0922,2
3.0928,2
3.0934,2
3.094,2
3.0946,2
3.0952,2
3.0958,2
3.0964,2
3.097,2
3.0976,2
3.0982,2
3.0988,2
3.0994,2
3.1,2
3.1006,2
3.1012,2
3.1018,2
3.1024,2
3.103,2
3.1036,2
3.1042,2
3.1048,2
3.1054,2
3.106,2
3.1066,2
3.1072,2
3.1078,2
3.1084,2
3.109,2
3.1096,2
3.1102,2
3.1108,2
3.1114,2
3.112,2
3.1126,2
3.1132,2
3.1138,2
3.1144,2
3.115,2
3.1156,2
3.1162,2
3.1168,2
3.1174,2
3.118,2
3.1186,2
3.1192,2
3.1198,2
3.1204,2
3.121,2
3.1216,2
3.1222,2
3.1228,2
3.1234,2
3.124,2
3.1246,2
3.1252,2
3.1258,2
3.1264,2
3.127,2
3.1276,2
3.1282,2
3.1288,2
3.1294,2
3.13,2
3.1306,2
3.1312,2
3.1318,2
3.1324,2
3.133,2
3.1336,2
3.1342,2
3.1348,2
3.1354,2
3.136,2
3.1366,2
3.1372,2
3.1378,2
3.1384,2
3.139,2
3.1396,2
3.1402,2
3.1408,2
3.1414,2
3.142,2
3.1426,2
3.1432,2
3.1438,2
3.1444,2
3.145,2
3.1456,2
3.1462,2
3.1468,2
3.1474,2
3.148,2
3.1486,2
3.1492,2
3.1498,2
3.1504,2
3.151,2
3.1516,2
3.1522,2
3.1528,2
3.1534,2
3.154,2
3.1546,2
3.1552,2
3.1558,2
3.1564,2
3.157,2
3.1576,2
3.1582,2
3.1588,2
3.1594,2
3.16,2
3.1606,2
3.1612,2
3.1618,2
3.1624,2
3.163,2
3.1636,2
3.1642,2
3.1648,2
3.1654,2
3.166,2
3.1666,2
3.1672,2
3.1678,2
3.1684,2
3.169,2
3.1696,2
3.1702,2
3.1708,2
3.1714,2
3.172,2
3.1726,2
3.1732,2
3.1738,2
3.1744,2
3.175,2
3.1756,2
3.1762,2
3.1768,2
3.1774,2
3.178,2
3.1786,2
3.1792,2
3.1798,2
3.1804,2
3.181,2
3.1816,2
3.1822,2
3.1828,2
3.1834,2
3.184,2
3.1846,2
3.1852,2
3.1858,2
3.1864,2
3.187,2
3.1876,2
3.1882,2
3.1888,2
3.1894,2
3.19,2
3.1906,2
3.1912,2
3.1918,2
3.1924,2
3.193,2
3.1936,2
3.1942,2
3.1948,2
3.1954,2
3.196,2
3.1966,2
3.1972,2
3.1978,2
3.1984,2
3.199,2
3.1996,2
3.2002,2
3.2008,2
3.2014,2
3.202,2
3.2026,2
3.2032,2
3.2038,2
3.2044,2
3.205,2
3.2056,2
3.2062,2
3.2068,2
3.2074,2
3.208,2
3.2086,2
3.2092,2
3.2098,2
3.2104,2
3.211,2
3.2116,2
3.2122,2
3.2128,2
3.2134,2
3.214,2
3.2146,2
3.2152,2
3.2158,2
3.2164,2
3.217,2
3.2176,2
3.2182,2
3.2188,2
3.2194,2
3.22,2
3.2206,2
3.2212,2
3.2218,2
3.2224,2
3.223,2
3.2236,2
3.2242,2
3.2248,2
3.2254,2
3.226,2
3.2266,2
3.2272,2
3.2278,2
3.2284,2
3.229,2
3.2296,2
3.2302,2
3.2308,2
3.2314,2
3.232,2
3.2326,2
3.2332,2
3.2338,2
3.2344,2
3.235,2
3.2356,2
3.2362,2
3.2368,2
3.2374,2
3.238,2
3.2386,2
3.2392,2
3.2398,2
3.2404,2
3.241,2
3.2416,2
3.2422,2
3.2428,2
3.2434,2
3.244,2
3.2446,2
3.2452,2
3.2458,2
3.2464,2
3.247,2
3.2476,2
3.2482,2
3.2488,2
3.2494,2
3.25,2
3.2506,2
3.2512,2
3.2518,2
3.2524,2
3.253,2
3.2536,2
3.2542,2
3.2548,2
3.2554,2
3.256,2
3.2566,2
3.2572,2
3.2578,2
3.2584,2
3.259,2
3.2596,2
3.2602,2
3.2608,2
3.2614,2
3.262,2
3.2626,2
3.2632,2
3.2638,2
3.2644,2
3.265,2
3.2656,2
3.2662,2
3.2668,2
3.2674,2
3.268,2
3.2686,2
3.2692,2
3.2698,2
3.2704,2
3.271,2
3.2716,2
3.2722,2
3.2728,2
3.2734,2
3.274,2
3.2746,2
3.2752,2
3.2758,2
3.2764,2
3.277,2
3.2776,2
3.2782,2
3.2788,2
3.2794,2
3.28,2
3.2806,2
3.2812,2
3.2818,2
3.2824,2
3.283,2
3.2836,2
3.2842,2
3.2848,2
3.2854,2
3.286,2
3.2866,2
3.2872,2
3.2878,2
3.2884,2
3.289,2
3.2896,2
3.2902,2
3.2908,2
3.2914,2
3.292,2
3.2926,2
3.2932,2
3.2938,2
3.2944,2
3.295,2
3.2956,2
3.2962,2
3.2968,2
3.2974,2
3.298,2
3.2986,2
3.2992,2
3.2998,2
3.3004,2
3.301,2
3.3016,2
3.3022,2
3.3028,2
3.3034,2
3.304,2
3.3046,2
3.3052,2
3.3058,2
3.3064,2
3.307,2
3.3076,2
3.3082,2
3.3088,2
3.3094,2
3.31,2
3.3106,2
3.3112,2
3.3118,2
3.3124,2
3.313,2
3.3136,2
3.3142,2
3.3148,2
3.3154,2
3.316,2
3.3166,2
3.3172,2
3.3178,2
3.3184,2
3.319,2
3.3196,2
3.3202,2
3.3208,2
3.3214,2
3.322,2
3.3226,2
3.3232,2
3.3238,2
3.3244,2
3.325,2
3.3256,2
3.3262,2
3.3268,2
3.3274,2
3.328,2
3.3286,2
3.3292,2
3.3298,2
3.3304,2
3.331,2
3.3316,2
3.3322,2
3.3328,2
3.3334,2
3.334,2
3.3346,2
3.3352,2
3.3358,2
3.3364,2
3.337,2
3.3376,2
3.3382,2
3.3388,2
3.3394,2
3.34,2
3.3406,2
3.3412,2
3.3418,2
3.3424,2
3.343,2
3.3436,2
3.3442,2
3.3448,2
3.3454,2
3.346,2
3.3466,2
3.3472,2
3.3478,2
3.3484,2
3.349,2
3.3496,2
3.3502,2
3.3508,2
3.3514,2
3.352,2
3.3526,2
3.3532,2
3.3538,2
3.3544,2
3.355,2
3.3556,2
3.3562,2
3.3568,2
3.3574,2
3.358,2
3.3586,2
3.3592,2
3.3598,2
3.3604,2
3.361,2
3.3616,2
3.3622,2
3.3628,2
3.3634,2
3.364,2
3.3646,2
3.3652,2
3.3658,2
3.3664,2
3.367,2
3.3676,2
3.3682,2
3.3688,2
3.3694,2
3.37,2
3.3706,2
3.3712,2
3.3718,2
3.3724,2
3.373,2
3.3736,2
3.3742,2
3.3748,2
3.3754,2
3.376,2
3.3766,2
3.3772,2
3.3778,2
3.3784,2
3.379,2
3.3796,2
3.3802,2
3.3808,2
3.3814,2
3.382,2
3.3826,2
3.3832,2
3.3838,2
3.3844,2
3.385,2
3.3856,2
3.3862,2
3.3868,2
3.3874,2
3.388,2
3.3886,2
3.3892,2
3.3898,2
3.3904,2
3.391,2
3.3916,2
3.3922,2
3.3928,2
3.3934,2
3.394,2
3.3946,2
3.3952,2
3.3958,2
3.3964,2
3.397,2
3.3976,2
3.3982,2
3.3988,2
3.3994,2
3.4,2
3.4006,2
3.4012,2
3.4018,2
3.4024,2
3.403,2
3.4036,2
3.4042,2
3.4048,2
3.4054,2
3.406,2
3.4066,2
3.4072,2
3.4078,2
3.4084,2
3.409,2
3.4096,2
3.4102,2
3.4108,2
3.4114,2
3.412,2
3.4126,2
3.4132,2
3.4138,2
3.4144,2
3.415,2
3.4156,2
3.4162,2
3.4168,2
3.4174,2
3.418,2
3.4186,2
3.4192,2
3.4198,2
3.4204,2
3.421,2
3.4216,2
3.4222,2
3.4228,2
3.4234,2
3.424,2
3.4246,2
3.4252,2
3.4258,2
3.4264,2
3.427,2
3.4276,2
3.4282,2
3.4288,2
3.4294,2
3.43,2
3.4306,2
3.4312,2
3.4318,2
3.4324,2
3.433,2
3.4336,2
3.4342,2
3.4348,2
3.4354,2
3.436,2
3.4366,2
3.4372,2
3.4378,2
3.4384,2
3.439,2
3.4396,2
3.4402,2
3.4408,2
3.4414,2
3.442,2
3.4426,2
3.4432,2
3.4438,2
3.4444,2
3.445,2
3.4456,2
3.4462,2
3.4468,2
3.4474,2
3.448,2
3.4486,2
3.4492,256
3.4498,4
3.4504,4
3.451,4
3.4516,4
3.4522,4
3.4528,4
3.4534,4
3.454,4
3.4546,4
3.4552,4
3.4558,4
3.4564,4
3.457,4
3.4576,4
3.4582,4
3.4588,4
3.4594,4
3.46,4
3.4606,4
3.4612,4
3.4618,4
3.4624,4
3.463,4
3.4636,4
3.4642,4
3.4648,4
3.4654,4
3.466,4
3.4666,4
3.4672,4
3.4678,4
3.4684,4
3.469,4
3.4696,4
3.4702,4
3.4708,4
3.4714,4
3.472,4
3.4726,4
3.4732,4
3.4738,4
3.4744,4
3.475,4
3.4756,4
3.4762,4
3.4768,4
3.4774,4
3.478,4
3.4786,4
3.4792,4
3.4798,4
3.4804,4
3.481,4
3.4816,4
3.4822,4
3.4828,4
3.4834,4
3.484,4
3.4846,4
3.4852,4
3.4858,4
3.4864,4
3.487,4
3.4876,4
3.4882,4
3.4888,4
3.4894,4
3.49,4
3.4906,4
3.4912,4
3.4918,4
3.4924,4
3.493,4
3.4936,4
3.4942,4
3.4948,4
3.4954,4
3.496,4
3.4966,4
3.4972,4
3.4978,4
3.4984,4
3.499,4
3.4996,4
3.5002,4
3.5008,4
3.5014,4
3.502,4
3.5026,4
3.5032,4
3.5038,4
3.5044,4
3.505,4
3.5056,4
3.5062,4
3.5068,4
3.5074,4
3.508,4
3.5086,4
3.5092,4
3.5098,4
3.5104,4
3.511,4
3.5116,4
3.5122,4
3.5128,4
3.5134,4
3.514,4
3.5146,4
3.5152,4
3.5158,4
3.5164,4
3.517,4
3.5176,4
3.5182,4
3.5188,4
3.5194,4
3.52,4
3.5206,4
3.5212,4
3.5218,4
3.5224,4
3.523,4
3.5236,4
3.5242,4
3.5248,4
3.5254,4
3.526,4
3.5266,4
3.5272,4
3.5278,4
3.5284,4
3.529,4
3.5296,4
3.5302,4
3.5308,4
3.5314,4
3.532,4
3.5326,4
3.5332,4
3.5338,4
3.5344,4
3.535,4
3.5356,4
3.5362,4
3.5368,4
3.5374,4
3.538,4
3.5386,4
3.5392,4
3.5398,4
3.5404,4
3.541,4
3.5416,4
3.5422,4
3.5428,4
3.5434,4
3.544,256
3.5446,8
3.5452,8
3.5458,8
3.5464,8
3.547,8
3.5476,8
3.5482,8
3.5488,8
3.5494,8
3.55,8
3.5506,8
3.5512,8
3.5518,8
3.5524,8
3.553,8
3.5536,8
3.5542,8
3.5548,8
3.5554,8
3.556,8
3.5566,8
3.5572,8
3.5578,8
3.5584,8
3.559,8
3.5596,8
3.5602,8
3.5608,8
3.5614,8
3.562,8
3.5626,8
3.5632,8
3.5638,8
3.5644,256
3.565,16
3.5656,16
3.5662,16
3.5668,16
3.5674,16
3.568,16
3.5686,16
3.5692,32
3.5698,64
3.5704,256
3.571,256
3.5716,80
3.5722,256
3.5728,192
3.5734,256
3.574,256
3.5746,256
3.5752,256
3.5758,256
3.5764,256
3.577,256
3.5776,20
3.5782,256
3.5788,256
3.5794,256
3.58,256
3.5806,256
3.5812,256
3.5818,256
3.5824,12
3.583,24
3.5836,256
3.5842,256
3.5848,256
3.5854,256
3.586,256
3.5866,256
3.5872,256
3.5878,256
3.5884,256
3.589,256
3.5896,256
3.5902,256
3.5908,256
3.5914,256
3.592,256
3.5926,256
3.5932,256
3.5938,256
3.5944,256
3.595,256
3.5956,256
3.5962,256
3.5968,256
3.5974,168
3.598,256
3.5986,256
3.5992,256
3.5998,256
3.6004,256
3.601,256
3.6016,256
3.6022,256
3.6028,256
3.6034,256
3.604,256
3.6046,256
3.6052,256
3.6058,10
3.6064,256
3.607,256
3.6076,256
3.6082,256
3.6088,256
3.6094,256
3.61,256
3.6106,256
3.6112,256
3.6118,256
3.6124,256
3.613,256
3.6136,14
3.6142,256
3.6148,256
3.6154,256
3.616,256
3.6166,256
3.6172,256
3.6178,256
3.6184,256
3.619,256
3.6196,16
3.6202,256
3.6208,256
3.6214,256
3.622,256
3.6226,256
3.6232,256
3.6238,256
3.6244,256
3.625,256
3.6256,256
3.6262,256
3.6268,6
3.6274,6
3.628,6
3.6286,6
3.6292,6
3.6298,6
3.6304,12
3.631,12
3.6316,12
3.6322,24
3.6328,256
3.6334,256
3.634,18
3.6346,256
3.6352,256
3.6358,256
3.6364,256
3.637,256
3.6376,256
3.6382,256
3.6388,256
3.6394,256
3.64,256
3.6406,256
3.6412,256
3.6418,256
3.6424,256
3.643,256
3.6436,256
3.6442,256
3.6448,256
3.6454,256
3.646,256
3.6466,256
3.6472,20
3.6478,256
3.6484,256
3.649,256
3.6496,256
3.6502,256
3.6508,256
3.6514,256
3.652,256
3.6526,256
3.6532,256
3.6538,256
3.6544,256
3.655,256
3.6556,256
3.6562,256
3.6568,256
3.6574,256
3.658,256
3.6586,256
3.6592,256
3.6598,256
3.6604,256
3.661,256
3.6616,256
3.6622,8
3.6628,256
3.6634,256
3.664,256
3.6646,256
3.6652,256
3.6658,256
3.6664,256
3.667,256
3.6676,256
3.6682,256
3.6688,256
3.6694,256
3.67,256
3.6706,256
3.6712,256
3.6718,256
3.6724,256
3.673,10
3.6736,256
3.6742,256
3.6748,256
3.6754,256
3.676,256
3.6766,256
3.6772,256
3.6778,256
3.6784,256
3.679,256
3.6796,256
3.6802,256
3.6808,256
3.6814,256
3.682,256
3.6826,256
3.6832,256
3.6838,256
3.6844,256
3.685,256
3.6856,256
3.6862,256
3.6868,256
3.6874,256
3.688,256
3.6886,256
3.6892,256
3.6898,256
3.6904,256
3.691,256
3.6916,256
3.6922,256
3.6928,256
3.6934,256
3.694,256
3.6946,256
3.6952,256
3.6958,256
3.6964,26
3.697,256
3.6976,256
3.6982,256
3.6988,256
3.6994,256
3.7,256
3.7006,256
3.7012,256
3.7018,7
3.7024,14
3.703,256
3.7036,256
3.7042,256
3.7048,256
3.7054,256
3.706,256
3.7066,256
3.7072,256
3.7078,256
3.7084,256
3.709,256
3.7096,256
3.7102,256
3.7108,256
3.7114,256
3.712,256
3.7126,256
3.7132,256
3.7138,256
3.7144,256
3.715,256
3.7156,256
3.7162,256
3.7168,256
3.7174,256
3.718,256
3.7186,256
3.7192,256
3.7198,256
3.7204,256
3.721,256
3.7216,256
3.7222,256
3.7228,256
3.7234,256
3.724,256
3.7246,256
3.7252,256
3.7258,256
3.7264,256
3.727,256
3.7276,256
3.7282,256
3.7288,256
3.7294,256
3.73,256
3.7306,256
3.7312,256
3.7318,256
3.7324,256
3.733,256
3.7336,256
3.7342,256
3.7348,256
3.7354,256
3.736,256
3.7366,256
3.7372,256
3.7378,256
3.7384,5
3.739,5
3.7396,5
3.7402,5
3.7408,5
3.7414,10
3.742,10
3.7426,20
3.7432,256
3.7438,256
3.7444,256
3.745,256
3.7456,256
3.7462,256
3.7468,256
3.7474,256
3.748,256
3.7486,256
3.7492,256
3.7498,256
3.7504,256
3.751,256
3.7516,256
3.7522,256
3.7528,256
3.7534,256
3.754,256
3.7546,256
3.7552,256
3.7558,256
3.7564,256
3.757,256
3.7576,256
3.7582,256
3.7588,256
3.7594,256
3.76,256
3.7606,256
3.7612,256
3.7618,256
3.7624,256
3.763,256
3.7636,256
3.7642,256
3.7648,256
3.7654,256
3.766,256
3.7666,256
3.7672,256
3.7678,256
3.7684,256
3.769,256
3.7696,256
3.7702,256
3.7708,256
3.7714,256
3.772,256
3.7726,256
3.7732,256
3.7738,256
3.7744,7
3.775,256
3.7756,256
3.7762,256
3.7768,256
3.7774,256
3.778,256
3.7786,256
3.7792,256
3.7798,256
3.7804,256
3.781,256
3.7816,256
3.7822,256
3.7828,256
3.7834,256
3.784,256
3.7846,256
3.7852,256
3.7858,9
3.7864,256
3.787,256
3.7876,256
3.7882,256
3.7888,256
3.7894,256
3.79,256
3.7906,256
3.7912,256
3.7918,256
3.7924,256
3.793,256
3.7936,256
3.7942,256
3.7948,256
3.7954,256
3.796,256
3.7966,256
3.7972,256
3.7978,256
3.7984,256
3.799,256
3.7996,256
3.8002,256
3.8008,8
3.8014,256
3.802,256
3.8026,256
3.8032,256
3.8038,256
3.8044,256
3.805,256
3.8056,256
3.8062,256
3.8068,256
3.8074,256
3.808,256
3.8086,256
3.8092,256
3.8098,256
3.8104,256
3.811,256
3.8116,256
3.8122,256
3.8128,256
3.8134,256
3.814,256
3.8146,256
3.8152,256
3.8158,256
3.8164,256
3.817,256
3.8176,256
3.8182,256
3.8188,256
3.8194,256
3.82,256
3.8206,256
3.8212,256
3.8218,256
3.8224,256
3.823,256
3.8236,256
3.8242,256
3.8248,256
3.8254,256
3.826,256
3.8266,256
3.8272,256
3.8278,256
3.8284,256
3.829,3
3.8296,3
3.8302,3
3.8308,3
3.8314,3
3.832,3
3.8326,3
3.8332,3
3.8338,3
3.8344,3
3.835,3
3.8356,3
3.8362,3
3.8368,3
3.8374,3
3.838,3
3.8386,3
3.8392,3
3.8398,3
3.8404,3
3.841,3
3.8416,6
3.8422,6
3.8428,6
3.8434,6
3.844,6
3.8446,6
3.8452,6
3.8458,6
3.8464,6
3.847,6
3.8476,12
3.8482,12
3.8488,12
3.8494,48
3.85,256
3.8506,256
3.8512,256
3.8518,256
3.8524,256
3.853,256
3.8536,256
3.8542,256
3.8548,256
3.8554,256
3.856,12
3.8566,256
3.8572,256
3.8578,256
3.8584,256
3.859,256
3.8596,256
3.8602,256
3.8608,256
3.8614,256
3.862,256
3.8626,256
3.8632,256
3.8638,256
3.8644,256
3.865,256
3.8656,256
3.8662,256
3.8668,256
3.8674,256
3.868,256
3.8686,256
3.8692,256
3.8698,256
3.8704,256
3.871,256
3.8716,256
3.8722,256
3.8728,256
3.8734,256
3.874,256
3.8746,256
3.8752,256
3.8758,256
3.8764,256
3.877,256
3.8776,256
3.8782,256
3.8788,256
3.8794,256
3.88,256
3.8806,256
3.8812,256
3.8818,256
3.8824,256
3.883,256
3.8836,256
3.8842,256
3.8848,256
3.8854,256
3.886,256
3.8866,256
3.8872,256
3.8878,256
3.8884,256
3.889,256
3.8896,256
3.8902,256
3.8908,256
3.8914,256
3.892,256
3.8926,256
3.8932,256
3.8938,256
3.8944,256
3.895,256
3.8956,256
3.8962,256
3.8968,256
3.8974,256
3.898,256
3.8986,256
3.8992,256
3.8998,256
3.9004,256
3.901,256
3.9016,256
3.9022,256
3.9028,256
3.9034,256
3.904,256
3.9046,256
3.9052,256
3.9058,5
3.9064,20
3.907,256
3.9076,256
3.9082,256
3.9088,256
3.9094,256
3.91,256
3.9106,256
3.9112,256
3.9118,256
3.9124,256
3.913,256
3.9136,256
3.9142,256
3.9148,256
3.9154,256
3.916,256
3.9166,256
3.9172,256
3.9178,256
3.9184,256
3.919,256
3.9196,256
3.9202,256
3.9208,256
3.9214,256
3.922,256
3.9226,256
3.9232,256
3.9238,256
3.9244,256
3.925,256
3.9256,256
3.9262,256
3.9268,256
3.9274,256
3.928,256
3.9286,256
3.9292,256
3.9298,256
3.9304,256
3.931,256
3.9316,256
3.9322,256
3.9328,256
3.9334,256
3.934,256
3.9346,256
3.9352,256
3.9358,256
3.9364,256
3.937,256
3.9376,12
3.9382,256
3.9388,256
3.9394,256
3.94,256
3.9406,256
3.9412,256
3.9418,256
3.9424,256
3.943,256
3.9436,256
3.9442,256
3.9448,256
3.9454,256
3.946,256
3.9466,256
3.9472,256
3.9478,256
3.9484,256
3.949,256
3.9496,20
3.9502,256
3.9508,256
3.9514,256
3.952,256
3.9526,256
3.9532,256
3.9538,256
3.9544,256
3.955,256
3.9556,256
3.9562,256
3.9568,256
3.9574,256
3.958,256
3.9586,256
3.9592,256
3.9598,256
3.9604,4
3.961,8
3.9616,256
3.9622,256
3.9628,256
3.9634,256
3.964,256
3.9646,256
3.9652,256
3.9658,256
3.9664,256
3.967,256
3.9676,256
3.9682,256
3.9688,256
3.9694,256
3.97,256
3.9706,256
3.9712,256
3.9718,256
3.9724,256
3.973,256
3.9736,256
3.9742,256
3.9748,256
3.9754,256
3.976,256
3.9766,256
3.9772,256
3.9778,144
3.9784,256
3.979,256
3.9796,256
3.9802,256
3.9808,256
3.9814,256
3.982,256
3.9826,256
3.9832,256
3.9838,256
3.9844,256
3.985,256
3.9856,256
3.9862,256
3.9868,256
3.9874,256
3.988,256
3.9886,256
3.9892,256
3.9898,256
3.9904,256
3.991,256
3.9916,256
3.9922,256
3.9928,256
3.9934,256
3.994,256
3.9946,256
3.9952,256
3.9958,256
3.9964,256
3.997,256
3.9976,256
3.9982,256
3.9988,256
3.9994,256
