1.000000,1.000000
1.000600,24.000000
1.001200,255.000000
1.001800,255.000000
1.002400,255.000000
1.003000,255.000000
1.003600,255.000000
1.004200,255.000000
1.004800,255.000000
1.005400,255.000000
1.006000,255.000000
1.006600,255.000000
1.007200,255.000000
1.007800,255.000000
1.008400,255.000000
1.009000,255.000000
1.009600,255.000000
1.010200,255.000000
1.010800,255.000000
1.011400,255.000000
1.012000,255.000000
1.012600,255.000000
1.013200,255.000000
1.013800,255.000000
1.014400,255.000000
1.015000,255.000000
1.015600,255.000000
1.016200,255.000000
1.016800,255.000000
1.017400,255.000000
1.018000,255.000000
1.018600,255.000000
1.019200,255.000000
1.019800,255.000000
1.020400,255.000000
1.021000,255.000000
1.021600,255.000000
1.022200,255.000000
1.022800,255.000000
1.023400,255.000000
1.024000,255.000000
1.024600,255.000000
1.025200,255.000000
1.025800,255.000000
1.026400,255.000000
1.027000,255.000000
1.027600,255.000000
1.028200,255.000000
1.028800,255.000000
1.029400,255.000000
1.030000,255.000000
1.030600,255.000000
1.031200,255.000000
1.031800,255.000000
1.032400,255.000000
1.033000,255.000000
1.033600,255.000000
1.034200,255.000000
1.034800,255.000000
1.035400,255.000000
1.036000,255.000000
1.036600,255.000000
1.037200,255.000000
1.037800,255.000000
1.038400,255.000000
1.039000,255.000000
1.039600,255.000000
1.040200,255.000000
1.040800,255.000000
1.041400,255.000000
1.042000,255.000000
1.042600,255.000000
1.043200,255.000000
1.043800,255.000000
1.044400,255.000000
1.045000,255.000000
1.045600,255.000000
1.046200,255.000000
1.046800,255.000000
1.047400,255.000000
1.048000,255.000000
1.048600,255.000000
1.049200,255.000000
1.049800,255.000000
1.050400,255.000000
1.051000,255.000000
1.051600,255.000000
1.052200,255.000000
1.052800,255.000000
1.053400,255.000000
1.054000,255.000000
1.054600,255.000000
1.055200,255.000000
1.055800,255.000000
1.056400,255.000000
1.057000,255.000000
1.057600,255.000000
1.058200,255.000000
1.058800,255.000000
1.059400,255.000000
1.060000,255.000000
1.060600,255.000000
1.061200,255.000000
1.061800,255.000000
1.062400,255.000000
1.063000,255.000000
1.063600,255.000000
1.064200,255.000000
1.064800,255.000000
1.065400,255.000000
1.066000,255.000000
1.066600,255.000000
1.067200,255.000000
1.067800,255.000000
1.068400,255.000000
1.069000,255.000000
1.069600,255.000000
1.070200,255.000000
1.070800,255.000000
1.071400,255.000000
1.072000,255.000000
1.072600,255.000000
1.073200,255.000000
1.073800,255.000000
1.074400,255.000000
1.075000,255.000000
1.075600,255.000000
1.076200,255.000000
1.076800,255.000000
1.077400,255.000000
1.078000,255.000000
1.078600,255.000000
1.079200,255.000000
1.079800,255.000000
1.080400,255.000000
1.081000,255.000000
1.081600,255.000000
1.082200,255.000000
1.082800,255.000000
1.083400,255.000000
1.084000,255.000000
1.084600,255.000000
1.085200,255.000000
1.085800,255.000000
1.086400,255.000000
1.087000,255.000000
1.087600,255.000000
1.088200,255.000000
1.088800,255.000000
1.089400,255.000000
1.090000,255.000000
1.090600,255.000000
1.091200,255.000000
1.091800,255.000000
1.092400,255.000000
1.093000,255.000000
1.093600,255.000000
1.094200,255.000000
1.094800,255.000000
1.095400,255.000000
1.096000,255.000000
1.096600,255.000000
1.097200,255.000000
1.097800,255.000000
1.098400,255.000000
1.099000,255.000000
1.099600,255.000000
1.100200,255.000000
1.100800,255.000000
1.101400,255.000000
1.102000,255.000000
1.102600,255.000000
1.103200,255.000000
1.103800,255.000000
1.104400,255.000000
1.105000,255.000000
1.105600,255.000000
1.106200,255.000000
1.106800,255.000000
1.107400,255.000000
1.108000,255.000000
1.108600,255.000000
1.109200,255.000000
1.109800,255.000000
1.110400,255.000000
1.111000,255.000000
1.111600,255.000000
1.112200,255.000000
1.112800,255.000000
1.113400,255.000000
1.114000,255.000000
1.114600,255.000000
1.115200,255.000000
1.115800,255.000000
1.116400,255.000000
1.117000,255.000000
1.117600,255.000000
1.118200,255.000000
1.118800,255.000000
1.119400,255.000000
1.120000,255.000000
1.120600,255.000000
1.121200,255.000000
1.121800,255.000000
1.122400,255.000000
1.123000,255.000000
1.123600,255.000000
1.124200,255.000000
1.124800,255.000000
1.125400,255.000000
1.126000,255.000000
1.126600,255.000000
1.127200,255.000000
1.127800,255.000000
1.128400,255.000000
1.129000,255.000000
1.129600,255.000000
1.130200,255.000000
1.130800,255.000000
1.131400,255.000000
1.132000,255.000000
1.132600,255.000000
1.133200,255.000000
1.133800,255.000000
1.134400,255.000000
1.135000,255.000000
1.135600,255.000000
1.136200,255.000000
1.136800,255.000000
1.137400,255.000000
1.138000,255.000000
1.138600,255.000000
1.139200,255.000000
1.139800,255.000000
1.140400,255.000000
1.141000,255.000000
1.141600,255.000000
1.142200,255.000000
1.142800,255.000000
1.143400,255.000000
1.144000,255.000000
1.144600,255.000000
1.145200,255.000000
1.145800,255.000000
1.146400,255.000000
1.147000,255.000000
1.147600,255.000000
1.148200,255.000000
1.148800,255.000000
1.149400,255.000000
1.150000,255.000000
1.150600,255.000000
1.151200,255.000000
1.151800,255.000000
1.152400,255.000000
1.153000,255.000000
1.153600,255.000000
1.154200,255.000000
1.154800,255.000000
1.155400,255.000000
1.156000,255.000000
1.156600,255.000000
1.157200,255.000000
1.157800,255.000000
1.158400,255.000000
1.159000,255.000000
1.159600,255.000000
1.160200,255.000000
1.160800,255.000000
1.161400,255.000000
1.162000,255.000000
1.162600,255.000000
1.163200,255.000000
1.163800,255.000000
1.164400,255.000000
1.165000,255.000000
1.165600,255.000000
1.166200,255.000000
1.166800,255.000000
1.167400,255.000000
1.168000,255.000000
1.168600,255.000000
1.169200,255.000000
1.169800,255.000000
1.170400,255.000000
1.171000,255.000000
1.171600,255.000000
1.172200,255.000000
1.172800,255.000000
1.173400,255.000000
1.174000,255.000000
1.174600,255.000000
1.175200,255.000000
1.175800,255.000000
1.176400,255.000000
1.177000,255.000000
1.177600,255.000000
1.178200,255.000000
1.178800,255.000000
1.179400,255.000000
1.180000,255.000000
1.180600,255.000000
1.181200,255.000000
1.181800,255.000000
1.182400,255.000000
1.183000,255.000000
1.183600,255.000000
1.184200,255.000000
1.184800,255.000000
1.185400,255.000000
1.186000,255.000000
1.186600,255.000000
1.187200,255.000000
1.187800,255.000000
1.188400,255.000000
1.189000,255.000000
1.189600,255.000000
1.190200,255.000000
1.190800,255.000000
1.191400,255.000000
1.192000,255.000000
1.192600,255.000000
1.193200,255.000000
1.193800,255.000000
1.194400,255.000000
1.195000,255.000000
1.195600,255.000000
1.196200,255.000000
1.196800,255.000000
1.197400,255.000000
1.198000,255.000000
1.198600,255.000000
1.199200,255.000000
1.199800,255.000000
1.200400,255.000000
1.201000,255.000000
1.201600,255.000000
1.202200,255.000000
1.202800,255.000000
1.203400,255.000000
1.204000,255.000000
1.204600,255.000000
1.205200,255.000000
1.205800,255.000000
1.206400,255.000000
1.207000,255.000000
1.207600,255.000000
1.208200,255.000000
1.208800,255.000000
1.209400,255.000000
1.210000,255.000000
1.210600,255.000000
1.211200,255.000000
1.211800,255.000000
1.212400,255.000000
1.213000,255.000000
1.213600,255.000000
1.214200,255.000000
1.214800,255.000000
1.215400,255.000000
1.216000,255.000000
1.216600,255.000000
1.217200,255.000000
1.217800,255.000000
1.218400,255.000000
1.219000,255.000000
1.219600,255.000000
1.220200,255.000000
1.220800,255.000000
1.221400,255.000000
1.222000,255.000000
1.222600,255.000000
1.223200,255.000000
1.223800,255.000000
1.224400,255.000000
1.225000,255.000000
1.225600,255.000000
1.226200,255.000000
1.226800,255.000000
1.227400,255.000000
1.228000,255.000000
1.228600,255.000000
1.229200,255.000000
1.229800,255.000000
1.230400,255.000000
1.231000,255.000000
1.231600,255.000000
1.232200,255.000000
1.232800,255.000000
1.233400,255.000000
1.234000,255.000000
1.234600,255.000000
1.235200,255.000000
1.235800,255.000000
1.236400,255.000000
1.237000,255.000000
1.237600,255.000000
1.238200,255.000000
1.238800,255.000000
1.239400,255.000000
1.240000,255.000000
1.240600,255.000000
1.241200,255.000000
1.241800,255.000000
1.242400,255.000000
1.243000,255.000000
1.243600,255.000000
1.244200,255.000000
1.244800,255.000000
1.245400,255.000000
1.246000,255.000000
1.246600,255.000000
1.247200,255.000000
1.247800,255.000000
1.248400,255.000000
1.249000,255.000000
1.249600,255.000000
1.250200,255.000000
1.250800,255.000000
1.251400,255.000000
1.252000,255.000000
1.252600,255.000000
1.253200,255.000000
1.253800,255.000000
1.254400,255.000000
1.255000,255.000000
1.255600,255.000000
1.256200,255.000000
1.256800,255.000000
1.257400,255.000000
1.258000,255.000000
1.258600,255.000000
1.259200,255.000000
1.259800,255.000000
1.260400,255.000000
1.261000,255.000000
1.261600,255.000000
1.262200,255.000000
1.262800,255.000000
1.263400,255.000000
1.264000,255.000000
1.264600,255.000000
1.265200,255.000000
1.265800,255.000000
1.266400,255.000000
1.267000,255.000000
1.267600,255.000000
1.268200,255.000000
1.268800,255.000000
1.269400,255.000000
1.270000,255.000000
1.270600,255.000000
1.271200,255.000000
1.271800,255.000000
1.272400,255.000000
1.273000,255.000000
1.273600,255.000000
1.274200,255.000000
1.274800,255.000000
1.275400,255.000000
1.276000,255.000000
1.276600,255.000000
1.277200,255.000000
1.277800,255.000000
1.278400,255.000000
1.279000,255.000000
1.279600,255.000000
1.280200,255.000000
1.280800,255.000000
1.281400,255.000000
1.282000,255.000000
1.282600,255.000000
1.283200,255.000000
1.283800,255.000000
1.284400,255.000000
1.285000,255.000000
1.285600,255.000000
1.286200,255.000000
1.286800,255.000000
1.287400,255.000000
1.288000,255.000000
1.288600,255.000000
1.289200,255.000000
1.289800,255.000000
1.290400,255.000000
1.291000,255.000000
1.291600,255.000000
1.292200,255.000000
1.292800,255.000000
1.293400,255.000000
1.294000,255.000000
1.294600,255.000000
1.295200,255.000000
1.295800,255.000000
1.296400,255.000000
1.297000,255.000000
1.297600,255.000000
1.298200,255.000000
1.298800,255.000000
1.299400,255.000000
1.300000,255.000000
1.300600,255.000000
1.301200,255.000000
1.301800,255.000000
1.302400,255.000000
1.303000,255.000000
1.303600,255.000000
1.304200,255.000000
1.304800,255.000000
1.305400,255.000000
1.306000,255.000000
1.306600,255.000000
1.307200,255.000000
1.307800,255.000000
1.308400,255.000000
1.309000,255.000000
1.309600,255.000000
1.310200,255.000000
1.310800,255.000000
1.311400,255.000000
1.312000,255.000000
1.312600,255.000000
1.313200,255.000000
1.313800,255.000000
1.314400,255.000000
1.315000,255.000000
1.315600,255.000000
1.316200,255.000000
1.316800,255.000000
1.317400,255.000000
1.318000,255.000000
1.318600,255.000000
1.319200,255.000000
1.319800,255.000000
1.320400,255.000000
1.321000,255.000000
1.321600,255.000000
1.322200,255.000000
1.322800,255.000000
1.323400,255.000000
1.324000,255.000000
1.324600,255.000000
1.325200,255.000000
1.325800,255.000000
1.326400,255.000000
1.327000,255.000000
1.327600,255.000000
1.328200,255.000000
1.328800,255.000000
1.329400,255.000000
1.330000,255.000000
1.330600,255.000000
1.331200,255.000000
1.331800,255.000000
1.332400,255.000000
1.333000,255.000000
1.333600,255.000000
1.334200,255.000000
1.334800,255.000000
1.335400,255.000000
1.336000,255.000000
1.336600,255.000000
1.337200,255.000000
1.337800,255.000000
1.338400,255.000000
1.339000,255.000000
1.339600,255.000000
1.340200,255.000000
1.340800,255.000000
1.341400,255.000000
1.342000,255.000000
1.342600,255.000000
1.343200,255.000000
1.343800,255.000000
1.344400,255.000000
1.345000,255.000000
1.345600,255.000000
1.346200,255.000000
1.346800,255.000000
1.347400,255.000000
1.348000,255.000000
1.348600,255.000000
1.349200,255.000000
1.349800,255.000000
1.350400,255.000000
1.351000,255.000000
1.351600,255.000000
1.352200,255.000000
1.352800,255.000000
1.353400,255.000000
1.354000,255.000000
1.354600,255.000000
1.355200,255.000000
1.355800,255.000000
1.356400,255.000000
1.357000,255.000000
1.357600,255.000000
1.358200,255.000000
1.358800,255.000000
1.359400,255.000000
1.360000,255.000000
1.360600,255.000000
1.361200,255.000000
1.361800,255.000000
1.362400,255.000000
1.363000,255.000000
1.363600,255.000000
1.364200,255.000000
1.364800,255.000000
1.365400,255.000000
1.366000,255.000000
1.366600,255.000000
1.367200,255.000000
1.367800,255.000000
1.368400,255.000000
1.369000,255.000000
1.369600,255.000000
1.370200,255.000000
1.370800,255.000000
1.371400,255.000000
1.372000,255.000000
1.372600,255.000000
1.373200,255.000000
1.373800,255.000000
1.374400,255.000000
1.375000,255.000000
1.375600,255.000000
1.376200,255.000000
1.376800,255.000000
1.377400,255.000000
1.378000,255.000000
1.378600,255.000000
1.379200,255.000000
1.379800,255.000000
1.380400,255.000000
1.381000,255.000000
1.381600,255.000000
1.382200,255.000000
1.382800,255.000000
1.383400,255.000000
1.384000,255.000000
1.384600,255.000000
1.385200,255.000000
1.385800,255.000000
1.386400,255.000000
1.387000,255.000000
1.387600,255.000000
1.388200,255.000000
1.388800,255.000000
1.389400,255.000000
1.390000,255.000000
1.390600,255.000000
1.391200,255.000000
1.391800,255.000000
1.392400,255.000000
1.393000,255.000000
1.393600,255.000000
1.394200,255.000000
1.394800,255.000000
1.395400,255.000000
1.396000,255.000000
1.396600,255.000000
1.397200,255.000000
1.397800,255.000000
1.398400,255.000000
1.399000,255.000000
1.399600,255.000000
1.400200,255.000000
1.400800,255.000000
1.401400,255.000000
1.402000,255.000000
1.402600,255.000000
1.403200,255.000000
1.403800,255.000000
1.404400,255.000000
1.405000,255.000000
1.405600,255.000000
1.406200,255.000000
1.406800,255.000000
1.407400,255.000000
1.408000,255.000000
1.408600,255.000000
1.409200,255.000000
1.409800,255.000000
1.410400,255.000000
1.411000,255.000000
1.411600,255.000000
1.412200,255.000000
1.412800,255.000000
1.413400,255.000000
1.414000,255.000000
1.414600,255.000000
1.415200,255.000000
1.415800,255.000000
1.416400,255.000000
1.417000,255.000000
1.417600,255.000000
1.418200,255.000000
1.418800,255.000000
1.419400,255.000000
1.420000,255.000000
1.420600,255.000000
1.421200,255.000000
1.421800,255.000000
1.422400,255.000000
1.423000,255.000000
1.423600,255.000000
1.424200,255.000000
1.424800,255.000000
1.425400,255.000000
1.426000,255.000000
1.426600,255.000000
1.427200,255.000000
1.427800,255.000000
1.428400,255.000000
1.429000,255.000000
1.429600,255.000000
1.430200,255.000000
1.430800,255.000000
1.431400,255.000000
1.432000,255.000000
1.432600,255.000000
1.433200,255.000000
1.433800,255.000000
1.434400,255.000000
1.435000,255.000000
1.435600,255.000000
1.436200,255.000000
1.436800,255.000000
1.437400,255.000000
1.438000,255.000000
1.438600,255.000000
1.439200,255.000000
1.439800,255.000000
1.440400,255.000000
1.441000,255.000000
1.441600,255.000000
1.442200,255.000000
1.442800,255.000000
1.443400,255.000000
1.444000,255.000000
1.444600,255.000000
1.445200,255.000000
1.445800,255.000000
1.446400,255.000000
1.447000,255.000000
1.447600,255.000000
1.448200,255.000000
1.448800,255.000000
1.449400,255.000000
1.450000,255.000000
1.450600,255.000000
1.451200,255.000000
1.451800,255.000000
1.452400,255.000000
1.453000,255.000000
1.453600,255.000000
1.454200,255.000000
1.454800,255.000000
1.455400,255.000000
1.456000,255.000000
1.456600,255.000000
1.457200,255.000000
1.457800,255.000000
1.458400,255.000000
1.459000,255.000000
1.459600,255.000000
1.460200,255.000000
1.460800,255.000000
1.461400,255.000000
1.462000,255.000000
1.462600,255.000000
1.463200,255.000000
1.463800,255.000000
1.464400,255.000000
1.465000,255.000000
1.465600,255.000000
1.466200,255.000000
1.466800,255.000000
1.467400,255.000000
1.468000,255.000000
1.468600,255.000000
1.469200,255.000000
1.469800,255.000000
1.470400,255.000000
1.471000,255.000000
1.471600,255.000000
1.472200,255.000000
1.472800,255.000000
1.473400,255.000000
1.474000,255.000000
1.474600,255.000000
1.475200,255.000000
1.475800,255.000000
1.476400,255.000000
1.477000,255.000000
1.477600,255.000000
1.478200,255.000000
1.478800,255.000000
1.479400,255.000000
1.480000,255.000000
1.480600,255.000000
1.481200,255.000000
1.481800,255.000000
1.482400,255.000000
1.483000,255.000000
1.483600,255.000000
1.484200,255.000000
1.484800,255.000000
1.485400,255.000000
1.486000,255.000000
1.486600,255.000000
1.487200,255.000000
1.487800,255.000000
1.488400,255.000000
1.489000,255.000000
1.489600,255.000000
1.490200,255.000000
1.490800,255.000000
1.491400,255.000000
1.492000,255.000000
1.492600,255.000000
1.493200,255.000000
1.493800,255.000000
1.494400,255.000000
1.495000,255.000000
1.495600,255.000000
1.496200,255.000000
1.496800,255.000000
1.497400,255.000000
1.498000,255.000000
1.498600,255.000000
1.499200,255.000000
1.499800,255.000000
1.500400,255.000000
1.501000,255.000000
1.501600,255.000000
1.502200,255.000000
1.502800,255.000000
1.503400,255.000000
1.504000,255.000000
1.504600,255.000000
1.505200,255.000000
1.505800,255.000000
1.506400,255.000000
1.507000,255.000000
1.507600,255.000000
1.508200,255.000000
1.508800,255.000000
1.509400,255.000000
1.510000,255.000000
1.510600,255.000000
1.511200,255.000000
1.511800,255.000000
1.512400,255.000000
1.513000,255.000000
1.513600,255.000000
1.514200,255.000000
1.514800,255.000000
1.515400,255.000000
1.516000,255.000000
1.516600,255.000000
1.517200,255.000000
1.517800,255.000000
1.518400,255.000000
1.519000,255.000000
1.519600,255.000000
1.520200,255.000000
1.520800,255.000000
1.521400,255.000000
1.522000,255.000000
1.522600,255.000000
1.523200,255.000000
1.523800,255.000000
1.524400,255.000000
1.525000,255.000000
1.525600,255.000000
1.526200,255.000000
1.526800,255.000000
1.527400,255.000000
1.528000,255.000000
1.528600,255.000000
1.529200,255.000000
1.529800,255.000000
1.530400,255.000000
1.531000,255.000000
1.531600,255.000000
1.532200,255.000000
1.532800,255.000000
1.533400,255.000000
1.534000,255.000000
1.534600,255.000000
1.535200,255.000000
1.535800,255.000000
1.536400,255.000000
1.537000,255.000000
1.537600,255.000000
1.538200,255.000000
1.538800,255.000000
1.539400,255.000000
1.540000,255.000000
1.540600,255.000000
1.541200,255.000000
1.541800,255.000000
1.542400,255.000000
1.543000,255.000000
1.543600,255.000000
1.544200,255.000000
1.544800,255.000000
1.545400,255.000000
1.546000,255.000000
1.546600,255.000000
1.547200,255.000000
1.547800,255.000000
1.548400,255.000000
1.549000,255.000000
1.549600,255.000000
1.550200,255.000000
1.550800,255.000000
1.551400,255.000000
1.552000,255.000000
1.552600,255.000000
1.553200,255.000000
1.553800,255.000000
1.554400,255.000000
1.555000,255.000000
1.555600,255.000000
1.556200,255.000000
1.556800,255.000000
1.557400,255.000000
1.558000,255.000000
1.558600,255.000000
1.559200,255.000000
1.559800,255.000000
1.560400,255.000000
1.561000,255.000000
1.561600,255.000000
1.562200,255.000000
1.562800,255.000000
1.563400,255.000000
1.564000,255.000000
1.564600,255.000000
1.565200,255.000000
1.565800,255.000000
1.566400,255.000000
1.567000,255.000000
1.567600,255.000000
1.568200,255.000000
1.568800,255.000000
1.569400,255.000000
1.570000,255.000000
1.570600,255.000000
1.571200,255.000000
1.571800,255.000000
1.572400,255.000000
1.573000,255.000000
1.573600,255.000000
1.574200,255.000000
1.574800,255.000000
1.575400,255.000000
1.576000,255.000000
1.576600,255.000000
1.577200,255.000000
1.577800,255.000000
1.578400,255.000000
1.579000,255.000000
1.579600,255.000000
1.580200,255.000000
1.580800,255.000000
1.581400,255.000000
1.582000,255.000000
1.582600,255.000000
1.583200,255.000000
1.583800,255.000000
1.584400,255.000000
1.585000,255.000000
1.585600,255.000000
1.586200,255.000000
1.586800,255.000000
1.587400,255.000000
1.588000,255.000000
1.588600,255.000000
1.589200,255.000000
1.589800,255.000000
1.590400,255.000000
1.591000,255.000000
1.591600,255.000000
1.592200,255.000000
1.592800,255.000000
1.593400,255.000000
1.594000,255.000000
1.594600,255.000000
1.595200,255.000000
1.595800,255.000000
1.596400,255.000000
1.597000,255.000000
1.597600,255.000000
1.598200,255.000000
1.598800,255.000000
1.599400,255.000000
1.600000,255.000000
1.600600,255.000000
1.601200,255.000000
1.601800,255.000000
1.602400,255.000000
1.603000,255.000000
1.603600,255.000000
1.604200,255.000000
1.604800,255.000000
1.605400,255.000000
1.606000,255.000000
1.606600,255.000000
1.607200,255.000000
1.607800,255.000000
1.608400,255.000000
1.609000,255.000000
1.609600,255.000000
1.610200,255.000000
1.610800,255.000000
1.611400,255.000000
1.612000,255.000000
1.612600,255.000000
1.613200,255.000000
1.613800,255.000000
1.614400,255.000000
1.615000,255.000000
1.615600,255.000000
1.616200,255.000000
1.616800,255.000000
1.617400,255.000000
1.618000,255.000000
1.618600,255.000000
1.619200,255.000000
1.619800,255.000000
1.620400,255.000000
1.621000,255.000000
1.621600,255.000000
1.622200,255.000000
1.622800,255.000000
1.623400,255.000000
1.624000,255.000000
1.624600,255.000000
1.625200,255.000000
1.625800,255.000000
1.626400,255.000000
1.627000,255.000000
1.627600,255.000000
1.628200,255.000000
1.628800,255.000000
1.629400,255.000000
1.630000,255.000000
1.630600,255.000000
1.631200,255.000000
1.631800,255.000000
1.632400,255.000000
1.633000,255.000000
1.633600,255.000000
1.634200,255.000000
1.634800,255.000000
1.635400,255.000000
1.636000,255.000000
1.636600,255.000000
1.637200,255.000000
1.637800,255.000000
1.638400,255.000000
1.639000,255.000000
1.639600,255.000000
1.640200,255.000000
1.640800,255.000000
1.641400,255.000000
1.642000,255.000000
1.642600,255.000000
1.643200,255.000000
1.643800,255.000000
1.644400,255.000000
1.645000,255.000000
1.645600,255.000000
1.646200,255.000000
1.646800,255.000000
1.647400,255.000000
1.648000,255.000000
1.648600,255.000000
1.649200,255.000000
1.649800,255.000000
1.650400,255.000000
1.651000,255.000000
1.651600,255.000000
1.652200,255.000000
1.652800,255.000000
1.653400,255.000000
1.654000,255.000000
1.654600,255.000000
1.655200,255.000000
1.655800,255.000000
1.656400,255.000000
1.657000,255.000000
1.657600,255.000000
1.658200,255.000000
1.658800,255.000000
1.659400,255.000000
1.660000,255.000000
1.660600,255.000000
1.661200,255.000000
1.661800,255.000000
1.662400,255.000000
1.663000,255.000000
1.663600,255.000000
1.664200,255.000000
1.664800,255.000000
1.665400,255.000000
1.666000,255.000000
1.666600,255.000000
1.667200,255.000000
1.667800,255.000000
1.668400,255.000000
1.669000,255.000000
1.669600,255.000000
1.670200,255.000000
1.670800,255.000000
1.671400,255.000000
1.672000,255.000000
1.672600,255.000000
1.673200,255.000000
1.673800,255.000000
1.674400,255.000000
1.675000,255.000000
1.675600,255.000000
1.676200,255.000000
1.676800,255.000000
1.677400,255.000000
1.678000,255.000000
1.678600,255.000000
1.679200,255.000000
1.679800,255.000000
1.680400,255.000000
1.681000,255.000000
1.681600,255.000000
1.682200,255.000000
1.682800,255.000000
1.683400,255.000000
1.684000,255.000000
1.684600,255.000000
1.685200,255.000000
1.685800,255.000000
1.686400,255.000000
1.687000,255.000000
1.687600,255.000000
1.688200,255.000000
1.688800,255.000000
1.689400,255.000000
1.690000,255.000000
1.690600,255.000000
1.691200,255.000000
1.691800,255.000000
1.692400,255.000000
1.693000,255.000000
1.693600,255.000000
1.694200,255.000000
1.694800,255.000000
1.695400,255.000000
1.696000,255.000000
1.696600,255.000000
1.697200,255.000000
1.697800,255.000000
1.698400,255.000000
1.699000,255.000000
1.699600,255.000000
1.700200,255.000000
1.700800,255.000000
1.701400,255.000000
1.702000,255.000000
1.702600,255.000000
1.703200,255.000000
1.703800,255.000000
1.704400,255.000000
1.705000,255.000000
1.705600,255.000000
1.706200,255.000000
1.706800,255.000000
1.707400,255.000000
1.708000,255.000000
1.708600,255.000000
1.709200,255.000000
1.709800,255.000000
1.710400,255.000000
1.711000,255.000000
1.711600,255.000000
1.712200,255.000000
1.712800,255.000000
1.713400,255.000000
1.714000,255.000000
1.714600,255.000000
1.715200,255.000000
1.715800,255.000000
1.716400,255.000000
1.717000,255.000000
1.717600,255.000000
1.718200,255.000000
1.718800,255.000000
1.719400,255.000000
1.720000,255.000000
1.720600,255.000000
1.721200,255.000000
1.721800,255.000000
1.722400,255.000000
1.723000,255.000000
1.723600,255.000000
1.724200,255.000000
1.724800,255.000000
1.725400,255.000000
1.726000,255.000000
1.726600,255.000000
1.727200,255.000000
1.727800,255.000000
1.728400,255.000000
1.729000,255.000000
1.729600,255.000000
1.730200,255.000000
1.730800,255.000000
1.731400,255.000000
1.732000,255.000000
1.732600,255.000000
1.733200,255.000000
1.733800,255.000000
1.734400,255.000000
1.735000,255.000000
1.735600,255.000000
1.736200,255.000000
1.736800,255.000000
1.737400,255.000000
1.738000,255.000000
1.738600,255.000000
1.739200,255.000000
1.739800,255.000000
1.740400,255.000000
1.741000,255.000000
1.741600,255.000000
1.742200,255.000000
1.742800,255.000000
1.743400,255.000000
1.744000,255.000000
1.744600,255.000000
1.745200,255.000000
1.745800,255.000000
1.746400,255.000000
1.747000,255.000000
1.747600,255.000000
1.748200,255.000000
1.748800,255.000000
1.749400,255.000000
1.750000,255.000000
1.750600,255.000000
1.751200,255.000000
1.751800,255.000000
1.752400,255.000000
1.753000,255.000000
1.753600,255.000000
1.754200,255.000000
1.754800,255.000000
1.755400,255.000000
1.756000,255.000000
1.756600,255.000000
1.757200,255.000000
1.757800,255.000000
1.758400,255.000000
1.759000,255.000000
1.759600,255.000000
1.760200,255.000000
1.760800,255.000000
1.761400,255.000000
1.762000,255.000000
1.762600,255.000000
1.763200,255.000000
1.763800,255.000000
1.764400,255.000000
1.765000,255.000000
1.765600,255.000000
1.766200,255.000000
1.766800,255.000000
1.767400,255.000000
1.768000,255.000000
1.768600,255.000000
1.769200,255.000000
1.769800,255.000000
1.770400,255.000000
1.771000,255.000000
1.771600,255.000000
1.772200,255.000000
1.772800,255.000000
1.773400,255.000000
1.774000,255.000000
1.774600,255.000000
1.775200,255.000000
1.775800,255.000000
1.776400,255.000000
1.777000,255.000000
1.777600,255.000000
1.778200,255.000000
1.778800,255.000000
1.779400,255.000000
1.780000,255.000000
1.780600,255.000000
1.781200,255.000000
1.781800,255.000000
1.782400,255.000000
1.783000,255.000000
1.783600,255.000000
1.784200,255.000000
1.784800,255.000000
1.785400,255.000000
1.786000,255.000000
1.786600,255.000000
1.787200,255.000000
1.787800,255.000000
1.788400,255.000000
1.789000,255.000000
1.789600,255.000000
1.790200,255.000000
1.790800,255.000000
1.791400,255.000000
1.792000,255.000000
1.792600,255.000000
1.793200,255.000000
1.793800,255.000000
1.794400,255.000000
1.795000,255.000000
1.795600,255.000000
1.796200,255.000000
1.796800,255.000000
1.797400,255.000000
1.798000,255.000000
1.798600,255.000000
1.799200,255.000000
1.799800,255.000000
1.800400,255.000000
1.801000,255.000000
1.801600,255.000000
1.802200,255.000000
1.802800,255.000000
1.803400,255.000000
1.804000,255.000000
1.804600,255.000000
1.805200,255.000000
1.805800,255.000000
1.806400,255.000000
1.807000,255.000000
1.807600,255.000000
1.808200,255.000000
1.808800,255.000000
1.809400,255.000000
1.810000,255.000000
1.810600,255.000000
1.811200,255.000000
1.811800,255.000000
1.812400,255.000000
1.813000,255.000000
1.813600,255.000000
1.814200,255.000000
1.814800,255.000000
1.815400,255.000000
1.816000,255.000000
1.816600,255.000000
1.817200,255.000000
1.817800,255.000000
1.818400,255.000000
1.819000,255.000000
1.819600,255.000000
1.820200,255.000000
1.820800,255.000000
1.821400,255.000000
1.822000,255.000000
1.822600,255.000000
1.823200,255.000000
1.823800,255.000000
1.824400,255.000000
1.825000,255.000000
1.825600,255.000000
1.826200,255.000000
1.826800,255.000000
1.827400,255.000000
1.828000,255.000000
1.828600,255.000000
1.829200,255.000000
1.829800,255.000000
1.830400,255.000000
1.831000,255.000000
1.831600,255.000000
1.832200,255.000000
1.832800,255.000000
1.833400,255.000000
1.834000,255.000000
1.834600,255.000000
1.835200,255.000000
1.835800,255.000000
1.836400,255.000000
1.837000,255.000000
1.837600,255.000000
1.838200,255.000000
1.838800,255.000000
1.839400,255.000000
1.840000,255.000000
1.840600,255.000000
1.841200,255.000000
1.841800,255.000000
1.842400,255.000000
1.843000,255.000000
1.843600,255.000000
1.844200,255.000000
1.844800,255.000000
1.845400,255.000000
1.846000,255.000000
1.846600,255.000000
1.847200,255.000000
1.847800,255.000000
1.848400,255.000000
1.849000,255.000000
1.849600,255.000000
1.850200,255.000000
1.850800,255.000000
1.851400,255.000000
1.852000,255.000000
1.852600,255.000000
1.853200,255.000000
1.853800,255.000000
1.854400,255.000000
1.855000,255.000000
1.855600,255.000000
1.856200,255.000000
1.856800,255.000000
1.857400,255.000000
1.858000,255.000000
1.858600,255.000000
1.859200,255.000000
1.859800,255.000000
1.860400,255.000000
1.861000,255.000000
1.861600,255.000000
1.862200,255.000000
1.862800,255.000000
1.863400,255.000000
1.864000,255.000000
1.864600,255.000000
1.865200,255.000000
1.865800,255.000000
1.866400,255.000000
1.867000,255.000000
1.867600,255.000000
1.868200,255.000000
1.868800,255.000000
1.869400,255.000000
1.870000,255.000000
1.870600,255.000000
1.871200,255.000000
1.871800,255.000000
1.872400,255.000000
1.873000,255.000000
1.873600,255.000000
1.874200,255.000000
1.874800,255.000000
1.875400,255.000000
1.876000,255.000000
1.876600,255.000000
1.877200,255.000000
1.877800,255.000000
1.878400,255.000000
1.879000,255.000000
1.879600,255.000000
1.880200,255.000000
1.880800,255.000000
1.881400,255.000000
1.882000,255.000000
1.882600,255.000000
1.883200,255.000000
1.883800,255.000000
1.884400,255.000000
1.885000,255.000000
1.885600,255.000000
1.886200,255.000000
1.886800,255.000000
1.887400,255.000000
1.888000,255.000000
1.888600,255.000000
1.889200,255.000000
1.889800,255.000000
1.890400,255.000000
1.891000,255.000000
1.891600,255.000000
1.892200,255.000000
1.892800,255.000000
1.893400,255.000000
1.894000,255.000000
1.894600,255.000000
1.895200,255.000000
1.895800,255.000000
1.896400,255.000000
1.897000,255.000000
1.897600,255.000000
1.898200,255.000000
1.898800,255.000000
1.899400,255.000000
1.900000,255.000000
1.900600,255.000000
1.901200,255.000000
1.901800,255.000000
1.902400,255.000000
1.903000,255.000000
1.903600,255.000000
1.904200,255.000000
1.904800,255.000000
1.905400,255.000000
1.906000,255.000000
1.906600,255.000000
1.907200,255.000000
1.907800,255.000000
1.908400,255.000000
1.909000,255.000000
1.909600,255.000000
1.910200,255.000000
1.910800,255.000000
1.911400,255.000000
1.912000,255.000000
1.912600,255.000000
1.913200,255.000000
1.913800,255.000000
1.914400,255.000000
1.915000,255.000000
1.915600,255.000000
1.916200,255.000000
1.916800,255.000000
1.917400,255.000000
1.918000,255.000000
1.918600,255.000000
1.919200,255.000000
1.919800,255.000000
1.920400,255.000000
1.921000,255.000000
1.921600,255.000000
1.922200,255.000000
1.922800,255.000000
1.923400,255.000000
1.924000,255.000000
1.924600,255.000000
1.925200,255.000000
1.925800,255.000000
1.926400,255.000000
1.927000,255.000000
1.927600,255.000000
1.928200,255.000000
1.928800,255.000000
1.929400,255.000000
1.930000,255.000000
1.930600,255.000000
1.931200,255.000000
1.931800,255.000000
1.932400,255.000000
1.933000,255.000000
1.933600,255.000000
1.934200,255.000000
1.934800,255.000000
1.935400,255.000000
1.936000,255.000000
1.936600,255.000000
1.937200,255.000000
1.937800,255.000000
1.938400,255.000000
1.939000,255.000000
1.939600,255.000000
1.940200,255.000000
1.940800,255.000000
1.941400,255.000000
1.942000,255.000000
1.942600,255.000000
1.943200,255.000000
1.943800,255.000000
1.944400,255.000000
1.945000,255.000000
1.945600,255.000000
1.946200,255.000000
1.946800,255.000000
1.947400,255.000000
1.948000,255.000000
1.948600,255.000000
1.949200,255.000000
1.949800,255.000000
1.950400,255.000000
1.951000,255.000000
1.951600,255.000000
1.952200,255.000000
1.952800,255.000000
1.953400,255.000000
1.954000,255.000000
1.954600,255.000000
1.955200,255.000000
1.955800,255.000000
1.956400,255.000000
1.957000,255.000000
1.957600,255.000000
1.958200,255.000000
1.958800,255.000000
1.959400,255.000000
1.960000,255.000000
1.960600,255.000000
1.961200,255.000000
1.961800,255.000000
1.962400,255.000000
1.963000,255.000000
1.963600,255.000000
1.964200,255.000000
1.964800,255.000000
1.965400,255.000000
1.966000,255.000000
1.966600,255.000000
1.967200,255.000000
1.967800,255.000000
1.968400,255.000000
1.969000,255.000000
1.969600,255.000000
1.970200,255.000000
1.970800,255.000000
1.971400,255.000000
1.972000,255.000000
1.972600,255.000000
1.973200,255.000000
1.973800,255.000000
1.974400,255.000000
1.975000,255.000000
1.975600,255.000000
1.976200,255.000000
1.976800,255.000000
1.977400,255.000000
1.978000,255.000000
1.978600,255.000000
1.979200,255.000000
1.979800,255.000000
1.980400,255.000000
1.981000,255.000000
1.981600,255.000000
1.982200,255.000000
1.982800,255.000000
1.983400,255.000000
1.984000,255.000000
1.984600,255.000000
1.985200,255.000000
1.985800,255.000000
1.986400,255.000000
1.987000,255.000000
1.987600,255.000000
1.988200,255.000000
1.988800,255.000000
1.989400,255.000000
1.990000,255.000000
1.990600,255.000000
1.991200,255.000000
1.991800,255.000000
1.992400,255.000000
1.993000,255.000000
1.993600,255.000000
1.994200,255.000000
1.994800,255.000000
1.995400,255.000000
1.996000,255.000000
1.996600,255.000000
1.997200,255.000000
1.997800,255.000000
1.998400,255.000000
1.999000,255.000000
1.999600,255.000000
2.000200,255.000000
2.000800,255.000000
2.001400,255.000000
2.002000,255.000000
2.002600,255.000000
2.003200,255.000000
2.003800,255.000000
2.004400,255.000000
2.005000,255.000000
2.005600,255.000000
2.006200,255.000000
2.006800,255.000000
2.007400,255.000000
2.008000,255.000000
2.008600,255.000000
2.009200,255.000000
2.009800,255.000000
2.010400,255.000000
2.011000,255.000000
2.011600,255.000000
2.012200,255.000000
2.012800,255.000000
2.013400,255.000000
2.014000,255.000000
2.014600,255.000000
2.015200,255.000000
2.015800,255.000000
2.016400,255.000000
2.017000,255.000000
2.017600,255.000000
2.018200,255.000000
2.018800,255.000000
2.019400,255.000000
2.020000,255.000000
2.020600,255.000000
2.021200,255.000000
2.021800,255.000000
2.022400,255.000000
2.023000,255.000000
2.023600,255.000000
2.024200,255.000000
2.024800,255.000000
2.025400,255.000000
2.026000,255.000000
2.026600,255.000000
2.027200,255.000000
2.027800,255.000000
2.028400,255.000000
2.029000,255.000000
2.029600,255.000000
2.030200,255.000000
2.030800,255.000000
2.031400,255.000000
2.032000,255.000000
2.032600,255.000000
2.033200,255.000000
2.033800,255.000000
2.034400,255.000000
2.035000,255.000000
2.035600,255.000000
2.036200,255.000000
2.036800,255.000000
2.037400,255.000000
2.038000,255.000000
2.038600,255.000000
2.039200,255.000000
2.039800,255.000000
2.040400,255.000000
2.041000,255.000000
2.041600,255.000000
2.042200,255.000000
2.042800,255.000000
2.043400,255.000000
2.044000,255.000000
2.044600,255.000000
2.045200,255.000000
2.045800,255.000000
2.046400,255.000000
2.047000,255.000000
2.047600,255.000000
2.048200,255.000000
2.048800,255.000000
2.049400,255.000000
2.050000,255.000000
2.050600,255.000000
2.051200,255.000000
2.051800,255.000000
2.052400,255.000000
2.053000,255.000000
2.053600,255.000000
2.054200,255.000000
2.054800,255.000000
2.055400,255.000000
2.056000,255.000000
2.056600,255.000000
2.057200,255.000000
2.057800,255.000000
2.058400,255.000000
2.059000,255.000000
2.059600,255.000000
2.060200,255.000000
2.060800,255.000000
2.061400,255.000000
2.062000,255.000000
2.062600,255.000000
2.063200,255.000000
2.063800,255.000000
2.064400,255.000000
2.065000,255.000000
2.065600,255.000000
2.066200,255.000000
2.066800,255.000000
2.067400,255.000000
2.068000,255.000000
2.068600,255.000000
2.069200,255.000000
2.069800,255.000000
2.070400,255.000000
2.071000,255.000000
2.071600,255.000000
2.072200,255.000000
2.072800,255.000000
2.073400,255.000000
2.074000,255.000000
2.074600,255.000000
2.075200,255.000000
2.075800,255.000000
2.076400,255.000000
2.077000,255.000000
2.077600,255.000000
2.078200,255.000000
2.078800,255.000000
2.079400,255.000000
2.080000,255.000000
2.080600,255.000000
2.081200,255.000000
2.081800,255.000000
2.082400,255.000000
2.083000,255.000000
2.083600,255.000000
2.084200,255.000000
2.084800,255.000000
2.085400,255.000000
2.086000,255.000000
2.086600,255.000000
2.087200,255.000000
2.087800,255.000000
2.088400,255.000000
2.089000,255.000000
2.089600,255.000000
2.090200,255.000000
2.090800,255.000000
2.091400,255.000000
2.092000,255.000000
2.092600,255.000000
2.093200,255.000000
2.093800,255.000000
2.094400,255.000000
2.095000,255.000000
2.095600,255.000000
2.096200,255.000000
2.096800,255.000000
2.097400,255.000000
2.098000,255.000000
2.098600,255.000000
2.099200,255.000000
2.099800,255.000000
2.100400,255.000000
2.101000,255.000000
2.101600,255.000000
2.102200,255.000000
2.102800,255.000000
2.103400,255.000000
2.104000,255.000000
2.104600,255.000000
2.105200,255.000000
2.105800,255.000000
2.106400,255.000000
2.107000,255.000000
2.107600,255.000000
2.108200,255.000000
2.108800,255.000000
2.109400,255.000000
2.110000,255.000000
2.110600,255.000000
2.111200,255.000000
2.111800,255.000000
2.112400,255.000000
2.113000,255.000000
2.113600,255.000000
2.114200,255.000000
2.114800,255.000000
2.115400,255.000000
2.116000,255.000000
2.116600,255.000000
2.117200,255.000000
2.117800,255.000000
2.118400,255.000000
2.119000,255.000000
2.119600,255.000000
2.120200,255.000000
2.120800,255.000000
2.121400,255.000000
2.122000,255.000000
2.122600,255.000000
2.123200,255.000000
2.123800,255.000000
2.124400,255.000000
2.125000,255.000000
2.125600,255.000000
2.126200,255.000000
2.126800,255.000000
2.127400,255.000000
2.128000,255.000000
2.128600,255.000000
2.129200,255.000000
2.129800,255.000000
2.130400,255.000000
2.131000,255.000000
2.131600,255.000000
2.132200,255.000000
2.132800,255.000000
2.133400,255.000000
2.134000,255.000000
2.134600,255.000000
2.135200,255.000000
2.135800,255.000000
2.136400,255.000000
2.137000,255.000000
2.137600,255.000000
2.138200,255.000000
2.138800,255.000000
2.139400,255.000000
2.140000,255.000000
2.140600,255.000000
2.141200,255.000000
2.141800,255.000000
2.142400,255.000000
2.143000,255.000000
2.143600,255.000000
2.144200,255.000000
2.144800,255.000000
2.145400,255.000000
2.146000,255.000000
2.146600,255.000000
2.147200,255.000000
2.147800,255.000000
2.148400,255.000000
2.149000,255.000000
2.149600,255.000000
2.150200,255.000000
2.150800,255.000000
2.151400,255.000000
2.152000,255.000000
2.152600,255.000000
2.153200,255.000000
2.153800,255.000000
2.154400,255.000000
2.155000,255.000000
2.155600,255.000000
2.156200,255.000000
2.156800,255.000000
2.157400,255.000000
2.158000,255.000000
2.158600,255.000000
2.159200,255.000000
2.159800,255.000000
2.160400,255.000000
2.161000,255.000000
2.161600,255.000000
2.162200,255.000000
2.162800,255.000000
2.163400,255.000000
2.164000,255.000000
2.164600,255.000000
2.165200,255.000000
2.165800,255.000000
2.166400,255.000000
2.167000,255.000000
2.167600,255.000000
2.168200,255.000000
2.168800,255.000000
2.169400,255.000000
2.170000,255.000000
2.170600,255.000000
2.171200,255.000000
2.171800,255.000000
2.172400,255.000000
2.173000,255.000000
2.173600,255.000000
2.174200,255.000000
2.174800,255.000000
2.175400,255.000000
2.176000,255.000000
2.176600,255.000000
2.177200,255.000000
2.177800,255.000000
2.178400,255.000000
2.179000,255.000000
2.179600,255.000000
2.180200,255.000000
2.180800,255.000000
2.181400,255.000000
2.182000,255.000000
2.182600,255.000000
2.183200,255.000000
2.183800,255.000000
2.184400,255.000000
2.185000,255.000000
2.185600,255.000000
2.186200,255.000000
2.186800,255.000000
2.187400,255.000000
2.188000,255.000000
2.188600,255.000000
2.189200,255.000000
2.189800,255.000000
2.190400,255.000000
2.191000,255.000000
2.191600,255.000000
2.192200,255.000000
2.192800,255.000000
2.193400,255.000000
2.194000,255.000000
2.194600,255.000000
2.195200,255.000000
2.195800,255.000000
2.196400,255.000000
2.197000,255.000000
2.197600,255.000000
2.198200,255.000000
2.198800,255.000000
2.199400,255.000000
2.200000,255.000000
2.200600,255.000000
2.201200,255.000000
2.201800,255.000000
2.202400,255.000000
2.203000,255.000000
2.203600,255.000000
2.204200,255.000000
2.204800,255.000000
2.205400,255.000000
2.206000,255.000000
2.206600,255.000000
2.207200,255.000000
2.207800,255.000000
2.208400,255.000000
2.209000,255.000000
2.209600,255.000000
2.210200,255.000000
2.210800,255.000000
2.211400,255.000000
2.212000,255.000000
2.212600,255.000000
2.213200,255.000000
2.213800,255.000000
2.214400,255.000000
2.215000,255.000000
2.215600,255.000000
2.216200,255.000000
2.216800,255.000000
2.217400,255.000000
2.218000,255.000000
2.218600,255.000000
2.219200,255.000000
2.219800,255.000000
2.220400,255.000000
2.221000,255.000000
2.221600,255.000000
2.222200,255.000000
2.222800,255.000000
2.223400,255.000000
2.224000,255.000000
2.224600,255.000000
2.225200,255.000000
2.225800,255.000000
2.226400,255.000000
2.227000,255.000000
2.227600,255.000000
2.228200,255.000000
2.228800,255.000000
2.229400,255.000000
2.230000,255.000000
2.230600,255.000000
2.231200,255.000000
2.231800,255.000000
2.232400,255.000000
2.233000,255.000000
2.233600,255.000000
2.234200,255.000000
2.234800,255.000000
2.235400,255.000000
2.236000,255.000000
2.236600,255.000000
2.237200,255.000000
2.237800,255.000000
2.238400,255.000000
2.239000,255.000000
2.239600,255.000000
2.240200,255.000000
2.240800,255.000000
2.241400,255.000000
2.242000,255.000000
2.242600,255.000000
2.243200,255.000000
2.243800,255.000000
2.244400,255.000000
2.245000,255.000000
2.245600,255.000000
2.246200,255.000000
2.246800,255.000000
2.247400,255.000000
2.248000,255.000000
2.248600,255.000000
2.249200,255.000000
2.249800,255.000000
2.250400,255.000000
2.251000,255.000000
2.251600,255.000000
2.252200,255.000000
2.252800,255.000000
2.253400,255.000000
2.254000,255.000000
2.254600,255.000000
2.255200,255.000000
2.255800,255.000000
2.256400,255.000000
2.257000,255.000000
2.257600,255.000000
2.258200,255.000000
2.258800,255.000000
2.259400,255.000000
2.260000,255.000000
2.260600,255.000000
2.261200,255.000000
2.261800,255.000000
2.262400,255.000000
2.263000,255.000000
2.263600,255.000000
2.264200,255.000000
2.264800,255.000000
2.265400,255.000000
2.266000,255.000000
2.266600,255.000000
2.267200,255.000000
2.267800,255.000000
2.268400,255.000000
2.269000,255.000000
2.269600,255.000000
2.270200,255.000000
2.270800,255.000000
2.271400,255.000000
2.272000,255.000000
2.272600,255.000000
2.273200,255.000000
2.273800,255.000000
2.274400,255.000000
2.275000,255.000000
2.275600,255.000000
2.276200,255.000000
2.276800,255.000000
2.277400,255.000000
2.278000,255.000000
2.278600,255.000000
2.279200,255.000000
2.279800,255.000000
2.280400,255.000000
2.281000,255.000000
2.281600,255.000000
2.282200,255.000000
2.282800,255.000000
2.283400,255.000000
2.284000,255.000000
2.284600,255.000000
2.285200,255.000000
2.285800,255.000000
2.286400,255.000000
2.287000,255.000000
2.287600,255.000000
2.288200,255.000000
2.288800,255.000000
2.289400,255.000000
2.290000,255.000000
2.290600,255.000000
2.291200,255.000000
2.291800,255.000000
2.292400,255.000000
2.293000,255.000000
2.293600,255.000000
2.294200,255.000000
2.294800,255.000000
2.295400,255.000000
2.296000,255.000000
2.296600,255.000000
2.297200,255.000000
2.297800,255.000000
2.298400,255.000000
2.299000,255.000000
2.299600,255.000000
2.300200,255.000000
2.300800,255.000000
2.301400,255.000000
2.302000,255.000000
2.302600,255.000000
2.303200,255.000000
2.303800,255.000000
2.304400,255.000000
2.305000,255.000000
2.305600,255.000000
2.306200,255.000000
2.306800,255.000000
2.307400,255.000000
2.308000,255.000000
2.308600,255.000000
2.309200,255.000000
2.309800,255.000000
2.310400,255.000000
2.311000,255.000000
2.311600,255.000000
2.312200,255.000000
2.312800,255.000000
2.313400,255.000000
2.314000,255.000000
2.314600,255.000000
2.315200,255.000000
2.315800,255.000000
2.316400,255.000000
2.317000,255.000000
2.317600,255.000000
2.318200,255.000000
2.318800,255.000000
2.319400,255.000000
2.320000,255.000000
2.320600,255.000000
2.321200,255.000000
2.321800,255.000000
2.322400,255.000000
2.323000,255.000000
2.323600,255.000000
2.324200,255.000000
2.324800,255.000000
2.325400,255.000000
2.326000,255.000000
2.326600,255.000000
2.327200,255.000000
2.327800,255.000000
2.328400,255.000000
2.329000,255.000000
2.329600,255.000000
2.330200,255.000000
2.330800,255.000000
2.331400,255.000000
2.332000,255.000000
2.332600,255.000000
2.333200,255.000000
2.333800,255.000000
2.334400,255.000000
2.335000,255.000000
2.335600,255.000000
2.336200,255.000000
2.336800,255.000000
2.337400,255.000000
2.338000,255.000000
2.338600,255.000000
2.339200,255.000000
2.339800,255.000000
2.340400,255.000000
2.341000,255.000000
2.341600,255.000000
2.342200,255.000000
2.342800,255.000000
2.343400,255.000000
2.344000,255.000000
2.344600,255.000000
2.345200,255.000000
2.345800,255.000000
2.346400,255.000000
2.347000,255.000000
2.347600,255.000000
2.348200,255.000000
2.348800,255.000000
2.349400,255.000000
2.350000,255.000000
2.350600,255.000000
2.351200,255.000000
2.351800,255.000000
2.352400,255.000000
2.353000,255.000000
2.353600,255.000000
2.354200,255.000000
2.354800,255.000000
2.355400,255.000000
2.356000,255.000000
2.356600,255.000000
2.357200,255.000000
2.357800,255.000000
2.358400,255.000000
2.359000,255.000000
2.359600,255.000000
2.360200,255.000000
2.360800,255.000000
2.361400,255.000000
2.362000,255.000000
2.362600,255.000000
2.363200,255.000000
2.363800,255.000000
2.364400,255.000000
2.365000,255.000000
2.365600,255.000000
2.366200,255.000000
2.366800,255.000000
2.367400,255.000000
2.368000,255.000000
2.368600,255.000000
2.369200,255.000000
2.369800,255.000000
2.370400,255.000000
2.371000,255.000000
2.371600,255.000000
2.372200,255.000000
2.372800,255.000000
2.373400,255.000000
2.374000,255.000000
2.374600,255.000000
2.375200,255.000000
2.375800,255.000000
2.376400,255.000000
2.377000,255.000000
2.377600,255.000000
2.378200,255.000000
2.378800,255.000000
2.379400,255.000000
2.380000,255.000000
2.380600,255.000000
2.381200,255.000000
2.381800,255.000000
2.382400,255.000000
2.383000,255.000000
2.383600,255.000000
2.384200,255.000000
2.384800,255.000000
2.385400,255.000000
2.386000,255.000000
2.386600,255.000000
2.387200,255.000000
2.387800,255.000000
2.388400,255.000000
2.389000,255.000000
2.389600,255.000000
2.390200,255.000000
2.390800,255.000000
2.391400,255.000000
2.392000,255.000000
2.392600,255.000000
2.393200,255.000000
2.393800,255.000000
2.394400,255.000000
2.395000,255.000000
2.395600,255.000000
2.396200,255.000000
2.396800,255.000000
2.397400,255.000000
2.398000,255.000000
2.398600,255.000000
2.399200,255.000000
2.399800,255.000000
2.400400,255.000000
2.401000,255.000000
2.401600,255.000000
2.402200,255.000000
2.402800,255.000000
2.403400,255.000000
2.404000,255.000000
2.404600,255.000000
2.405200,255.000000
2.405800,255.000000
2.406400,255.000000
2.407000,255.000000
2.407600,255.000000
2.408200,255.000000
2.408800,255.000000
2.409400,255.000000
2.410000,255.000000
2.410600,255.000000
2.411200,255.000000
2.411800,255.000000
2.412400,255.000000
2.413000,255.000000
2.413600,255.000000
2.414200,255.000000
2.414800,255.000000
2.415400,255.000000
2.416000,255.000000
2.416600,255.000000
2.417200,255.000000
2.417800,255.000000
2.418400,255.000000
2.419000,255.000000
2.419600,255.000000
2.420200,255.000000
2.420800,255.000000
2.421400,255.000000
2.422000,255.000000
2.422600,255.000000
2.423200,255.000000
2.423800,255.000000
2.424400,255.000000
2.425000,255.000000
2.425600,255.000000
2.426200,255.000000
2.426800,255.000000
2.427400,255.000000
2.428000,255.000000
2.428600,255.000000
2.429200,255.000000
2.429800,255.000000
2.430400,255.000000
2.431000,255.000000
2.431600,255.000000
2.432200,255.000000
2.432800,255.000000
2.433400,255.000000
2.434000,255.000000
2.434600,255.000000
2.435200,255.000000
2.435800,255.000000
2.436400,255.000000
2.437000,255.000000
2.437600,255.000000
2.438200,255.000000
2.438800,255.000000
2.439400,255.000000
2.440000,255.000000
2.440600,255.000000
2.441200,255.000000
2.441800,255.000000
2.442400,255.000000
2.443000,255.000000
2.443600,255.000000
2.444200,255.000000
2.444800,255.000000
2.445400,255.000000
2.446000,255.000000
2.446600,255.000000
2.447200,255.000000
2.447800,255.000000
2.448400,255.000000
2.449000,255.000000
2.449600,255.000000
2.450200,255.000000
2.450800,255.000000
2.451400,255.000000
2.452000,255.000000
2.452600,255.000000
2.453200,255.000000
2.453800,255.000000
2.454400,255.000000
2.455000,255.000000
2.455600,255.000000
2.456200,255.000000
2.456800,255.000000
2.457400,255.000000
2.458000,255.000000
2.458600,255.000000
2.459200,255.000000
2.459800,255.000000
2.460400,255.000000
2.461000,255.000000
2.461600,255.000000
2.462200,255.000000
2.462800,255.000000
2.463400,255.000000
2.464000,255.000000
2.464600,255.000000
2.465200,255.000000
2.465800,255.000000
2.466400,255.000000
2.467000,255.000000
2.467600,255.000000
2.468200,255.000000
2.468800,255.000000
2.469400,255.000000
2.470000,255.000000
2.470600,255.000000
2.471200,255.000000
2.471800,255.000000
2.472400,255.000000
2.473000,255.000000
2.473600,255.000000
2.474200,255.000000
2.474800,255.000000
2.475400,255.000000
2.476000,255.000000
2.476600,255.000000
2.477200,255.000000
2.477800,255.000000
2.478400,255.000000
2.479000,255.000000
2.479600,255.000000
2.480200,255.000000
2.480800,255.000000
2.481400,255.000000
2.482000,255.000000
2.482600,255.000000
2.483200,255.000000
2.483800,255.000000
2.484400,255.000000
2.485000,255.000000
2.485600,255.000000
2.486200,255.000000
2.486800,255.000000
2.487400,255.000000
2.488000,255.000000
2.488600,255.000000
2.489200,255.000000
2.489800,255.000000
2.490400,255.000000
2.491000,255.000000
2.491600,255.000000
2.492200,255.000000
2.492800,255.000000
2.493400,255.000000
2.494000,255.000000
2.494600,255.000000
2.495200,255.000000
2.495800,255.000000
2.496400,255.000000
2.497000,255.000000
2.497600,255.000000
2.498200,255.000000
2.498800,255.000000
2.499400,255.000000
2.500000,255.000000
2.500600,255.000000
2.501200,255.000000
2.501800,255.000000
2.502400,255.000000
2.503000,255.000000
2.503600,255.000000
2.504200,255.000000
2.504800,255.000000
2.505400,255.000000
2.506000,255.000000
2.506600,255.000000
2.507200,255.000000
2.507800,255.000000
2.508400,255.000000
2.509000,255.000000
2.509600,255.000000
2.510200,255.000000
2.510800,255.000000
2.511400,255.000000
2.512000,255.000000
2.512600,255.000000
2.513200,255.000000
2.513800,255.000000
2.514400,255.000000
2.515000,255.000000
2.515600,255.000000
2.516200,255.000000
2.516800,255.000000
2.517400,255.000000
2.518000,255.000000
2.518600,255.000000
2.519200,255.000000
2.519800,255.000000
2.520400,255.000000
2.521000,255.000000
2.521600,255.000000
2.522200,255.000000
2.522800,255.000000
2.523400,255.000000
2.524000,255.000000
2.524600,255.000000
2.525200,255.000000
2.525800,255.000000
2.526400,255.000000
2.527000,255.000000
2.527600,255.000000
2.528200,255.000000
2.528800,255.000000
2.529400,255.000000
2.530000,255.000000
2.530600,255.000000
2.531200,255.000000
2.531800,255.000000
2.532400,255.000000
2.533000,255.000000
2.533600,255.000000
2.534200,255.000000
2.534800,255.000000
2.535400,255.000000
2.536000,255.000000
2.536600,255.000000
2.537200,255.000000
2.537800,255.000000
2.538400,255.000000
2.539000,255.000000
2.539600,255.000000
2.540200,255.000000
2.540800,255.000000
2.541400,255.000000
2.542000,255.000000
2.542600,255.000000
2.543200,255.000000
2.543800,255.000000
2.544400,255.000000
2.545000,255.000000
2.545600,255.000000
2.546200,255.000000
2.546800,255.000000
2.547400,255.000000
2.548000,255.000000
2.548600,255.000000
2.549200,255.000000
2.549800,255.000000
2.550400,255.000000
2.551000,255.000000
2.551600,255.000000
2.552200,255.000000
2.552800,255.000000
2.553400,255.000000
2.554000,255.000000
2.554600,255.000000
2.555200,255.000000
2.555800,255.000000
2.556400,255.000000
2.557000,255.000000
2.557600,255.000000
2.558200,255.000000
2.558800,255.000000
2.559400,255.000000
2.560000,255.000000
2.560600,255.000000
2.561200,255.000000
2.561800,255.000000
2.562400,255.000000
2.563000,255.000000
2.563600,255.000000
2.564200,255.000000
2.564800,255.000000
2.565400,255.000000
2.566000,255.000000
2.566600,255.000000
2.567200,255.000000
2.567800,255.000000
2.568400,255.000000
2.569000,255.000000
2.569600,255.000000
2.570200,255.000000
2.570800,255.000000
2.571400,255.000000
2.572000,255.000000
2.572600,255.000000
2.573200,255.000000
2.573800,255.000000
2.574400,255.000000
2.575000,255.000000
2.575600,255.000000
2.576200,255.000000
2.576800,255.000000
2.577400,255.000000
2.578000,255.000000
2.578600,255.000000
2.579200,255.000000
2.579800,255.000000
2.580400,255.000000
2.581000,255.000000
2.581600,255.000000
2.582200,255.000000
2.582800,255.000000
2.583400,255.000000
2.584000,255.000000
2.584600,255.000000
2.585200,255.000000
2.585800,255.000000
2.586400,255.000000
2.587000,255.000000
2.587600,255.000000
2.588200,255.000000
2.588800,255.000000
2.589400,255.000000
2.590000,255.000000
2.590600,255.000000
2.591200,255.000000
2.591800,255.000000
2.592400,255.000000
2.593000,255.000000
2.593600,255.000000
2.594200,255.000000
2.594800,255.000000
2.595400,255.000000
2.596000,255.000000
2.596600,255.000000
2.597200,255.000000
2.597800,255.000000
2.598400,255.000000
2.599000,255.000000
2.599600,255.000000
2.600200,255.000000
2.600800,255.000000
2.601400,255.000000
2.602000,255.000000
2.602600,255.000000
2.603200,255.000000
2.603800,255.000000
2.604400,255.000000
2.605000,255.000000
2.605600,255.000000
2.606200,255.000000
2.606800,255.000000
2.607400,255.000000
2.608000,255.000000
2.608600,255.000000
2.609200,255.000000
2.609800,255.000000
2.610400,255.000000
2.611000,255.000000
2.611600,255.000000
2.612200,255.000000
2.612800,255.000000
2.613400,255.000000
2.614000,255.000000
2.614600,255.000000
2.615200,255.000000
2.615800,255.000000
2.616400,255.000000
2.617000,255.000000
2.617600,255.000000
2.618200,255.000000
2.618800,255.000000
2.619400,255.000000
2.620000,255.000000
2.620600,255.000000
2.621200,255.000000
2.621800,255.000000
2.622400,255.000000
2.623000,255.000000
2.623600,255.000000
2.624200,255.000000
2.624800,255.000000
2.625400,255.000000
2.626000,255.000000
2.626600,255.000000
2.627200,255.000000
2.627800,255.000000
2.628400,255.000000
2.629000,255.000000
2.629600,255.000000
2.630200,255.000000
2.630800,255.000000
2.631400,255.000000
2.632000,255.000000
2.632600,255.000000
2.633200,255.000000
2.633800,255.000000
2.634400,255.000000
2.635000,255.000000
2.635600,255.000000
2.636200,255.000000
2.636800,255.000000
2.637400,255.000000
2.638000,255.000000
2.638600,255.000000
2.639200,255.000000
2.639800,255.000000
2.640400,255.000000
2.641000,255.000000
2.641600,255.000000
2.642200,255.000000
2.642800,255.000000
2.643400,255.000000
2.644000,255.000000
2.644600,255.000000
2.645200,255.000000
2.645800,255.000000
2.646400,255.000000
2.647000,255.000000
2.647600,255.000000
2.648200,255.000000
2.648800,255.000000
2.649400,255.000000
2.650000,255.000000
2.650600,255.000000
2.651200,255.000000
2.651800,255.000000
2.652400,255.000000
2.653000,255.000000
2.653600,255.000000
2.654200,255.000000
2.654800,255.000000
2.655400,255.000000
2.656000,255.000000
2.656600,255.000000
2.657200,255.000000
2.657800,255.000000
2.658400,255.000000
2.659000,255.000000
2.659600,255.000000
2.660200,255.000000
2.660800,255.000000
2.661400,255.000000
2.662000,255.000000
2.662600,255.000000
2.663200,255.000000
2.663800,255.000000
2.664400,255.000000
2.665000,255.000000
2.665600,255.000000
2.666200,255.000000
2.666800,255.000000
2.667400,255.000000
2.668000,255.000000
2.668600,255.000000
2.669200,255.000000
2.669800,255.000000
2.670400,255.000000
2.671000,255.000000
2.671600,255.000000
2.672200,255.000000
2.672800,255.000000
2.673400,255.000000
2.674000,255.000000
2.674600,255.000000
2.675200,255.000000
2.675800,255.000000
2.676400,255.000000
2.677000,255.000000
2.677600,255.000000
2.678200,255.000000
2.678800,255.000000
2.679400,255.000000
2.680000,255.000000
2.680600,255.000000
2.681200,255.000000
2.681800,255.000000
2.682400,255.000000
2.683000,255.000000
2.683600,255.000000
2.684200,255.000000
2.684800,255.000000
2.685400,255.000000
2.686000,255.000000
2.686600,255.000000
2.687200,255.000000
2.687800,255.000000
2.688400,255.000000
2.689000,255.000000
2.689600,255.000000
2.690200,255.000000
2.690800,255.000000
2.691400,255.000000
2.692000,255.000000
2.692600,255.000000
2.693200,255.000000
2.693800,255.000000
2.694400,255.000000
2.695000,255.000000
2.695600,255.000000
2.696200,255.000000
2.696800,255.000000
2.697400,255.000000
2.698000,255.000000
2.698600,255.000000
2.699200,255.000000
2.699800,255.000000
2.700400,255.000000
2.701000,255.000000
2.701600,255.000000
2.702200,255.000000
2.702800,255.000000
2.703400,255.000000
2.704000,255.000000
2.704600,255.000000
2.705200,255.000000
2.705800,255.000000
2.706400,255.000000
2.707000,255.000000
2.707600,255.000000
2.708200,255.000000
2.708800,255.000000
2.709400,255.000000
2.710000,255.000000
2.710600,255.000000
2.711200,255.000000
2.711800,255.000000
2.712400,255.000000
2.713000,255.000000
2.713600,255.000000
2.714200,255.000000
2.714800,255.000000
2.715400,255.000000
2.716000,255.000000
2.716600,255.000000
2.717200,255.000000
2.717800,255.000000
2.718400,255.000000
2.719000,255.000000
2.719600,255.000000
2.720200,255.000000
2.720800,255.000000
2.721400,255.000000
2.722000,255.000000
2.722600,255.000000
2.723200,255.000000
2.723800,255.000000
2.724400,255.000000
2.725000,255.000000
2.725600,255.000000
2.726200,255.000000
2.726800,255.000000
2.727400,255.000000
2.728000,255.000000
2.728600,255.000000
2.729200,255.000000
2.729800,255.000000
2.730400,255.000000
2.731000,255.000000
2.731600,255.000000
2.732200,255.000000
2.732800,255.000000
2.733400,255.000000
2.734000,255.000000
2.734600,255.000000
2.735200,255.000000
2.735800,255.000000
2.736400,255.000000
2.737000,255.000000
2.737600,255.000000
2.738200,255.000000
2.738800,255.000000
2.739400,255.000000
2.740000,255.000000
2.740600,255.000000
2.741200,255.000000
2.741800,255.000000
2.742400,255.000000
2.743000,255.000000
2.743600,255.000000
2.744200,255.000000
2.744800,255.000000
2.745400,255.000000
2.746000,255.000000
2.746600,255.000000
2.747200,255.000000
2.747800,255.000000
2.748400,255.000000
2.749000,255.000000
2.749600,255.000000
2.750200,255.000000
2.750800,255.000000
2.751400,255.000000
2.752000,255.000000
2.752600,255.000000
2.753200,255.000000
2.753800,255.000000
2.754400,255.000000
2.755000,255.000000
2.755600,255.000000
2.756200,255.000000
2.756800,255.000000
2.757400,255.000000
2.758000,255.000000
2.758600,255.000000
2.759200,255.000000
2.759800,255.000000
2.760400,255.000000
2.761000,255.000000
2.761600,255.000000
2.762200,255.000000
2.762800,255.000000
2.763400,255.000000
2.764000,255.000000
2.764600,255.000000
2.765200,255.000000
2.765800,255.000000
2.766400,255.000000
2.767000,255.000000
2.767600,255.000000
2.768200,255.000000
2.768800,255.000000
2.769400,255.000000
2.770000,255.000000
2.770600,255.000000
2.771200,255.000000
2.771800,255.000000
2.772400,255.000000
2.773000,255.000000
2.773600,255.000000
2.774200,255.000000
2.774800,255.000000
2.775400,255.000000
2.776000,255.000000
2.776600,255.000000
2.777200,255.000000
2.777800,255.000000
2.778400,255.000000
2.779000,255.000000
2.779600,255.000000
2.780200,255.000000
2.780800,255.000000
2.781400,255.000000
2.782000,255.000000
2.782600,255.000000
2.783200,255.000000
2.783800,255.000000
2.784400,255.000000
2.785000,255.000000
2.785600,255.000000
2.786200,255.000000
2.786800,255.000000
2.787400,255.000000
2.788000,255.000000
2.788600,255.000000
2.789200,255.000000
2.789800,255.000000
2.790400,255.000000
2.791000,255.000000
2.791600,255.000000
2.792200,255.000000
2.792800,255.000000
2.793400,255.000000
2.794000,255.000000
2.794600,255.000000
2.795200,255.000000
2.795800,255.000000
2.796400,255.000000
2.797000,255.000000
2.797600,255.000000
2.798200,255.000000
2.798800,255.000000
2.799400,255.000000
2.800000,255.000000
2.800600,255.000000
2.801200,255.000000
2.801800,255.000000
2.802400,255.000000
2.803000,255.000000
2.803600,255.000000
2.804200,255.000000
2.804800,255.000000
2.805400,255.000000
2.806000,255.000000
2.806600,255.000000
2.807200,255.000000
2.807800,255.000000
2.808400,255.000000
2.809000,255.000000
2.809600,255.000000
2.810200,255.000000
2.810800,255.000000
2.811400,255.000000
2.812000,255.000000
2.812600,255.000000
2.813200,255.000000
2.813800,255.000000
2.814400,255.000000
2.815000,255.000000
2.815600,255.000000
2.816200,255.000000
2.816800,255.000000
2.817400,255.000000
2.818000,255.000000
2.818600,255.000000
2.819200,255.000000
2.819800,255.000000
2.820400,255.000000
2.821000,255.000000
2.821600,255.000000
2.822200,255.000000
2.822800,255.000000
2.823400,255.000000
2.824000,255.000000
2.824600,255.000000
2.825200,255.000000
2.825800,255.000000
2.826400,255.000000
2.827000,255.000000
2.827600,255.000000
2.828200,255.000000
2.828800,255.000000
2.829400,255.000000
2.830000,255.000000
2.830600,255.000000
2.831200,255.000000
2.831800,255.000000
2.832400,255.000000
2.833000,255.000000
2.833600,255.000000
2.834200,255.000000
2.834800,255.000000
2.835400,255.000000
2.836000,255.000000
2.836600,255.000000
2.837200,255.000000
2.837800,255.000000
2.838400,255.000000
2.839000,255.000000
2.839600,255.000000
2.840200,255.000000
2.840800,255.000000
2.841400,255.000000
2.842000,255.000000
2.842600,255.000000
2.843200,255.000000
2.843800,255.000000
2.844400,255.000000
2.845000,255.000000
2.845600,255.000000
2.846200,255.000000
2.846800,255.000000
2.847400,255.000000
2.848000,255.000000
2.848600,255.000000
2.849200,255.000000
2.849800,255.000000
2.850400,255.000000
2.851000,255.000000
2.851600,255.000000
2.852200,255.000000
2.852800,255.000000
2.853400,255.000000
2.854000,255.000000
2.854600,255.000000
2.855200,255.000000
2.855800,255.000000
2.856400,255.000000
2.857000,255.000000
2.857600,255.000000
2.858200,255.000000
2.858800,255.000000
2.859400,255.000000
2.860000,255.000000
2.860600,255.000000
2.861200,255.000000
2.861800,255.000000
2.862400,255.000000
2.863000,255.000000
2.863600,255.000000
2.864200,255.000000
2.864800,255.000000
2.865400,255.000000
2.866000,255.000000
2.866600,255.000000
2.867200,255.000000
2.867800,255.000000
2.868400,255.000000
2.869000,255.000000
2.869600,255.000000
2.870200,255.000000
2.870800,255.000000
2.871400,255.000000
2.872000,255.000000
2.872600,255.000000
2.873200,255.000000
2.873800,255.000000
2.874400,255.000000
2.875000,255.000000
2.875600,255.000000
2.876200,255.000000
2.876800,255.000000
2.877400,255.000000
2.878000,255.000000
2.878600,255.000000
2.879200,255.000000
2.879800,255.000000
2.880400,255.000000
2.881000,255.000000
2.881600,255.000000
2.882200,255.000000
2.882800,255.000000
2.883400,255.000000
2.884000,255.000000
2.884600,255.000000
2.885200,255.000000
2.885800,255.000000
2.886400,255.000000
2.887000,255.000000
2.887600,255.000000
2.888200,255.000000
2.888800,255.000000
2.889400,255.000000
2.890000,255.000000
2.890600,255.000000
2.891200,255.000000
2.891800,255.000000
2.892400,255.000000
2.893000,255.000000
2.893600,255.000000
2.894200,255.000000
2.894800,255.000000
2.895400,255.000000
2.896000,255.000000
2.896600,255.000000
2.897200,255.000000
2.897800,255.000000
2.898400,255.000000
2.899000,255.000000
2.899600,255.000000
2.900200,255.000000
2.900800,255.000000
2.901400,255.000000
2.902000,255.000000
2.902600,255.000000
2.903200,255.000000
2.903800,255.000000
2.904400,255.000000
2.905000,255.000000
2.905600,255.000000
2.906200,255.000000
2.906800,255.000000
2.907400,255.000000
2.908000,255.000000
2.908600,255.000000
2.909200,255.000000
2.909800,255.000000
2.910400,255.000000
2.911000,255.000000
2.911600,255.000000
2.912200,255.000000
2.912800,255.000000
2.913400,255.000000
2.914000,255.000000
2.914600,255.000000
2.915200,255.000000
2.915800,255.000000
2.916400,255.000000
2.917000,255.000000
2.917600,255.000000
2.918200,255.000000
2.918800,255.000000
2.919400,255.000000
2.920000,255.000000
2.920600,255.000000
2.921200,255.000000
2.921800,255.000000
2.922400,255.000000
2.923000,255.000000
2.923600,255.000000
2.924200,255.000000
2.924800,255.000000
2.925400,255.000000
2.926000,255.000000
2.926600,255.000000
2.927200,255.000000
2.927800,255.000000
2.928400,255.000000
2.929000,255.000000
2.929600,255.000000
2.930200,255.000000
2.930800,255.000000
2.931400,255.000000
2.932000,255.000000
2.932600,255.000000
2.933200,255.000000
2.933800,255.000000
2.934400,255.000000
2.935000,255.000000
2.935600,255.000000
2.936200,255.000000
2.936800,255.000000
2.937400,255.000000
2.938000,255.000000
2.938600,255.000000
2.939200,255.000000
2.939800,255.000000
2.940400,255.000000
2.941000,255.000000
2.941600,255.000000
2.942200,255.000000
2.942800,255.000000
2.943400,255.000000
2.944000,255.000000
2.944600,255.000000
2.945200,255.000000
2.945800,255.000000
2.946400,255.000000
2.947000,255.000000
2.947600,255.000000
2.948200,255.000000
2.948800,255.000000
2.949400,255.000000
2.950000,255.000000
2.950600,255.000000
2.951200,255.000000
2.951800,255.000000
2.952400,255.000000
2.953000,255.000000
2.953600,255.000000
2.954200,255.000000
2.954800,255.000000
2.955400,255.000000
2.956000,255.000000
2.956600,255.000000
2.957200,255.000000
2.957800,255.000000
2.958400,255.000000
2.959000,255.000000
2.959600,255.000000
2.960200,255.000000
2.960800,255.000000
2.961400,255.000000
2.962000,255.000000
2.962600,255.000000
2.963200,255.000000
2.963800,255.000000
2.964400,255.000000
2.965000,255.000000
2.965600,255.000000
2.966200,255.000000
2.966800,255.000000
2.967400,255.000000
2.968000,255.000000
2.968600,255.000000
2.969200,255.000000
2.969800,255.000000
2.970400,255.000000
2.971000,255.000000
2.971600,255.000000
2.972200,255.000000
2.972800,255.000000
2.973400,255.000000
2.974000,255.000000
2.974600,255.000000
2.975200,255.000000
2.975800,255.000000
2.976400,255.000000
2.977000,255.000000
2.977600,255.000000
2.978200,255.000000
2.978800,255.000000
2.979400,255.000000
2.980000,255.000000
2.980600,255.000000
2.981200,255.000000
2.981800,255.000000
2.982400,255.000000
2.983000,255.000000
2.983600,255.000000
2.984200,255.000000
2.984800,255.000000
2.985400,255.000000
2.986000,255.000000
2.986600,255.000000
2.987200,255.000000
2.987800,255.000000
2.988400,255.000000
2.989000,255.000000
2.989600,255.000000
2.990200,255.000000
2.990800,255.000000
2.991400,255.000000
2.992000,255.000000
2.992600,255.000000
2.993200,255.000000
2.993800,255.000000
2.994400,255.000000
2.995000,255.000000
2.995600,255.000000
2.996200,255.000000
2.996800,255.000000
2.997400,255.000000
2.998000,255.000000
2.998600,254.000000
2.999200,2.000000
2.999800,256.000000
3.000400,8.000000
3.001000,254.000000
3.001600,254.000000
3.002200,254.000000
3.002800,254.000000
3.003400,254.000000
3.004000,254.000000
3.004600,254.000000
3.005200,254.000000
3.005800,254.000000
3.006400,254.000000
3.007000,254.000000
3.007600,254.000000
3.008200,254.000000
3.008800,254.000000
3.009400,254.000000
3.010000,254.000000
3.010600,254.000000
3.011200,254.000000
3.011800,254.000000
3.012400,254.000000
3.013000,254.000000
3.013600,254.000000
3.014200,254.000000
3.014800,254.000000
3.015400,254.000000
3.016000,254.000000
3.016600,254.000000
3.017200,254.000000
3.017800,254.000000
3.018400,254.000000
3.019000,254.000000
3.019600,254.000000
3.020200,254.000000
3.020800,254.000000
3.021400,254.000000
3.022000,254.000000
3.022600,254.000000
3.023200,254.000000
3.023800,254.000000
3.024400,254.000000
3.025000,254.000000
3.025600,254.000000
3.026200,254.000000
3.026800,254.000000
3.027400,254.000000
3.028000,254.000000
3.028600,254.000000
3.029200,254.000000
3.029800,254.000000
3.030400,254.000000
3.031000,254.000000
3.031600,254.000000
3.032200,254.000000
3.032800,254.000000
3.033400,254.000000
3.034000,254.000000
3.034600,254.000000
3.035200,254.000000
3.035800,254.000000
3.036400,254.000000
3.037000,254.000000
3.037600,254.000000
3.038200,254.000000
3.038800,254.000000
3.039400,254.000000
3.040000,254.000000
3.040600,254.000000
3.041200,254.000000
3.041800,254.000000
3.042400,254.000000
3.043000,254.000000
3.043600,254.000000
3.044200,254.000000
3.044800,254.000000
3.045400,254.000000
3.046000,254.000000
3.046600,254.000000
3.047200,254.000000
3.047800,254.000000
3.048400,254.000000
3.049000,254.000000
3.049600,254.000000
3.050200,254.000000
3.050800,254.000000
3.051400,254.000000
3.052000,254.000000
3.052600,254.000000
3.053200,254.000000
3.053800,254.000000
3.054400,254.000000
3.055000,254.000000
3.055600,254.000000
3.056200,254.000000
3.056800,254.000000
3.057400,254.000000
3.058000,254.000000
3.058600,254.000000
3.059200,254.000000
3.059800,254.000000
3.060400,254.000000
3.061000,254.000000
3.061600,254.000000
3.062200,254.000000
3.062800,254.000000
3.063400,254.000000
3.064000,254.000000
3.064600,254.000000
3.065200,254.000000
3.065800,254.000000
3.066400,254.000000
3.067000,254.000000
3.067600,254.000000
3.068200,254.000000
3.068800,254.000000
3.069400,254.000000
3.070000,254.000000
3.070600,254.000000
3.071200,254.000000
3.071800,254.000000
3.072400,254.000000
3.073000,254.000000
3.073600,254.000000
3.074200,254.000000
3.074800,254.000000
3.075400,254.000000
3.076000,254.000000
3.076600,254.000000
3.077200,254.000000
3.077800,254.000000
3.078400,254.000000
3.079000,254.000000
3.079600,254.000000
3.080200,254.000000
3.080800,254.000000
3.081400,254.000000
3.082000,254.000000
3.082600,254.000000
3.083200,254.000000
3.083800,254.000000
3.084400,254.000000
3.085000,254.000000
3.085600,254.000000
3.086200,254.000000
3.086800,254.000000
3.087400,254.000000
3.088000,254.000000
3.088600,254.000000
3.089200,254.000000
3.089800,254.000000
3.090400,254.000000
3.091000,254.000000
3.091600,254.000000
3.092200,254.000000
3.092800,254.000000
3.093400,254.000000
3.094000,254.000000
3.094600,254.000000
3.095200,254.000000
3.095800,254.000000
3.096400,254.000000
3.097000,254.000000
3.097600,254.000000
3.098200,254.000000
3.098800,254.000000
3.099400,254.000000
3.100000,254.000000
3.100600,254.000000
3.101200,254.000000
3.101800,254.000000
3.102400,254.000000
3.103000,254.000000
3.103600,254.000000
3.104200,254.000000
3.104800,254.000000
3.105400,254.000000
3.106000,254.000000
3.106600,254.000000
3.107200,254.000000
3.107800,254.000000
3.108400,254.000000
3.109000,254.000000
3.109600,254.000000
3.110200,254.000000
3.110800,254.000000
3.111400,254.000000
3.112000,254.000000
3.112600,254.000000
3.113200,254.000000
3.113800,254.000000
3.114400,254.000000
3.115000,254.000000
3.115600,254.000000
3.116200,254.000000
3.116800,254.000000
3.117400,254.000000
3.118000,254.000000
3.118600,254.000000
3.119200,254.000000
3.119800,254.000000
3.120400,254.000000
3.121000,254.000000
3.121600,254.000000
3.122200,254.000000
3.122800,254.000000
3.123400,254.000000
3.124000,254.000000
3.124600,254.000000
3.125200,254.000000
3.125800,254.000000
3.126400,254.000000
3.127000,254.000000
3.127600,254.000000
3.128200,254.000000
3.128800,254.000000
3.129400,254.000000
3.130000,254.000000
3.130600,254.000000
3.131200,254.000000
3.131800,254.000000
3.132400,254.000000
3.133000,254.000000
3.133600,254.000000
3.134200,254.000000
3.134800,254.000000
3.135400,254.000000
3.136000,254.000000
3.136600,254.000000
3.137200,254.000000
3.137800,254.000000
3.138400,254.000000
3.139000,254.000000
3.139600,254.000000
3.140200,254.000000
3.140800,254.000000
3.141400,254.000000
3.142000,254.000000
3.142600,254.000000
3.143200,254.000000
3.143800,254.000000
3.144400,254.000000
3.145000,254.000000
3.145600,254.000000
3.146200,254.000000
3.146800,254.000000
3.147400,254.000000
3.148000,254.000000
3.148600,254.000000
3.149200,254.000000
3.149800,254.000000
3.150400,254.000000
3.151000,254.000000
3.151600,254.000000
3.152200,254.000000
3.152800,254.000000
3.153400,254.000000
3.154000,254.000000
3.154600,254.000000
3.155200,254.000000
3.155800,254.000000
3.156400,254.000000
3.157000,254.000000
3.157600,254.000000
3.158200,254.000000
3.158800,254.000000
3.159400,254.000000
3.160000,254.000000
3.160600,254.000000
3.161200,254.000000
3.161800,254.000000
3.162400,254.000000
3.163000,254.000000
3.163600,254.000000
3.164200,254.000000
3.164800,254.000000
3.165400,254.000000
3.166000,254.000000
3.166600,254.000000
3.167200,254.000000
3.167800,254.000000
3.168400,254.000000
3.169000,254.000000
3.169600,254.000000
3.170200,254.000000
3.170800,254.000000
3.171400,254.000000
3.172000,254.000000
3.172600,254.000000
3.173200,254.000000
3.173800,254.000000
3.174400,254.000000
3.175000,254.000000
3.175600,254.000000
3.176200,254.000000
3.176800,254.000000
3.177400,254.000000
3.178000,254.000000
3.178600,254.000000
3.179200,254.000000
3.179800,254.000000
3.180400,254.000000
3.181000,254.000000
3.181600,254.000000
3.182200,254.000000
3.182800,254.000000
3.183400,254.000000
3.184000,254.000000
3.184600,254.000000
3.185200,254.000000
3.185800,254.000000
3.186400,254.000000
3.187000,254.000000
3.187600,254.000000
3.188200,254.000000
3.188800,254.000000
3.189400,254.000000
3.190000,254.000000
3.190600,254.000000
3.191200,254.000000
3.191800,254.000000
3.192400,254.000000
3.193000,254.000000
3.193600,254.000000
3.194200,254.000000
3.194800,254.000000
3.195400,254.000000
3.196000,254.000000
3.196600,254.000000
3.197200,254.000000
3.197800,254.000000
3.198400,254.000000
3.199000,254.000000
3.199600,254.000000
3.200200,254.000000
3.200800,254.000000
3.201400,254.000000
3.202000,254.000000
3.202600,254.000000
3.203200,254.000000
3.203800,254.000000
3.204400,254.000000
3.205000,254.000000
3.205600,254.000000
3.206200,254.000000
3.206800,254.000000
3.207400,254.000000
3.208000,254.000000
3.208600,254.000000
3.209200,254.000000
3.209800,254.000000
3.210400,254.000000
3.211000,254.000000
3.211600,254.000000
3.212200,254.000000
3.212800,254.000000
3.213400,254.000000
3.214000,254.000000
3.214600,254.000000
3.215200,254.000000
3.215800,254.000000
3.216400,254.000000
3.217000,254.000000
3.217600,254.000000
3.218200,254.000000
3.218800,254.000000
3.219400,254.000000
3.220000,254.000000
3.220600,254.000000
3.221200,254.000000
3.221800,254.000000
3.222400,254.000000
3.223000,254.000000
3.223600,254.000000
3.224200,254.000000
3.224800,254.000000
3.225400,254.000000
3.226000,254.000000
3.226600,254.000000
3.227200,254.000000
3.227800,254.000000
3.228400,254.000000
3.229000,254.000000
3.229600,254.000000
3.230200,254.000000
3.230800,254.000000
3.231400,254.000000
3.232000,254.000000
3.232600,254.000000
3.233200,254.000000
3.233800,254.000000
3.234400,254.000000
3.235000,254.000000
3.235600,254.000000
3.236200,254.000000
3.236800,254.000000
3.237400,254.000000
3.238000,254.000000
3.238600,254.000000
3.239200,254.000000
3.239800,254.000000
3.240400,254.000000
3.241000,254.000000
3.241600,254.000000
3.242200,254.000000
3.242800,254.000000
3.243400,254.000000
3.244000,254.000000
3.244600,254.000000
3.245200,254.000000
3.245800,254.000000
3.246400,254.000000
3.247000,254.000000
3.247600,254.000000
3.248200,254.000000
3.248800,254.000000
3.249400,254.000000
3.250000,254.000000
3.250600,254.000000
3.251200,254.000000
3.251800,254.000000
3.252400,254.000000
3.253000,254.000000
3.253600,254.000000
3.254200,254.000000
3.254800,254.000000
3.255400,254.000000
3.256000,254.000000
3.256600,254.000000
3.257200,254.000000
3.257800,254.000000
3.258400,254.000000
3.259000,254.000000
3.259600,254.000000
3.260200,254.000000
3.260800,254.000000
3.261400,254.000000
3.262000,254.000000
3.262600,254.000000
3.263200,254.000000
3.263800,254.000000
3.264400,254.000000
3.265000,254.000000
3.265600,254.000000
3.266200,254.000000
3.266800,254.000000
3.267400,254.000000
3.268000,254.000000
3.268600,254.000000
3.269200,254.000000
3.269800,254.000000
3.270400,254.000000
3.271000,254.000000
3.271600,254.000000
3.272200,254.000000
3.272800,254.000000
3.273400,254.000000
3.274000,254.000000
3.274600,254.000000
3.275200,254.000000
3.275800,254.000000
3.276400,254.000000
3.277000,254.000000
3.277600,254.000000
3.278200,254.000000
3.278800,254.000000
3.279400,254.000000
3.280000,254.000000
3.280600,254.000000
3.281200,254.000000
3.281800,254.000000
3.282400,254.000000
3.283000,254.000000
3.283600,254.000000
3.284200,254.000000
3.284800,254.000000
3.285400,254.000000
3.286000,254.000000
3.286600,254.000000
3.287200,254.000000
3.287800,254.000000
3.288400,254.000000
3.289000,254.000000
3.289600,254.000000
3.290200,254.000000
3.290800,254.000000
3.291400,254.000000
3.292000,254.000000
3.292600,254.000000
3.293200,254.000000
3.293800,254.000000
3.294400,254.000000
3.295000,254.000000
3.295600,254.000000
3.296200,254.000000
3.296800,254.000000
3.297400,254.000000
3.298000,254.000000
3.298600,254.000000
3.299200,254.000000
3.299800,254.000000
3.300400,254.000000
3.301000,254.000000
3.301600,254.000000
3.302200,254.000000
3.302800,254.000000
3.303400,254.000000
3.304000,254.000000
3.304600,254.000000
3.305200,254.000000
3.305800,254.000000
3.306400,254.000000
3.307000,254.000000
3.307600,254.000000
3.308200,254.000000
3.308800,254.000000
3.309400,254.000000
3.310000,254.000000
3.310600,254.000000
3.311200,254.000000
3.311800,254.000000
3.312400,254.000000
3.313000,254.000000
3.313600,254.000000
3.314200,254.000000
3.314800,254.000000
3.315400,254.000000
3.316000,254.000000
3.316600,254.000000
3.317200,254.000000
3.317800,254.000000
3.318400,254.000000
3.319000,254.000000
3.319600,254.000000
3.320200,254.000000
3.320800,254.000000
3.321400,254.000000
3.322000,254.000000
3.322600,254.000000
3.323200,254.000000
3.323800,254.000000
3.324400,254.000000
3.325000,254.000000
3.325600,254.000000
3.326200,254.000000
3.326800,254.000000
3.327400,254.000000
3.328000,254.000000
3.328600,254.000000
3.329200,254.000000
3.329800,254.000000
3.330400,254.000000
3.331000,254.000000
3.331600,254.000000
3.332200,254.000000
3.332800,254.000000
3.333400,254.000000
3.334000,254.000000
3.334600,254.000000
3.335200,254.000000
3.335800,254.000000
3.336400,254.000000
3.337000,254.000000
3.337600,254.000000
3.338200,254.000000
3.338800,254.000000
3.339400,254.000000
3.340000,254.000000
3.340600,254.000000
3.341200,254.000000
3.341800,254.000000
3.342400,254.000000
3.343000,254.000000
3.343600,254.000000
3.344200,254.000000
3.344800,254.000000
3.345400,254.000000
3.346000,254.000000
3.346600,254.000000
3.347200,254.000000
3.347800,254.000000
3.348400,254.000000
3.349000,254.000000
3.349600,254.000000
3.350200,254.000000
3.350800,254.000000
3.351400,254.000000
3.352000,254.000000
3.352600,254.000000
3.353200,254.000000
3.353800,254.000000
3.354400,254.000000
3.355000,254.000000
3.355600,254.000000
3.356200,254.000000
3.356800,254.000000
3.357400,254.000000
3.358000,254.000000
3.358600,254.000000
3.359200,254.000000
3.359800,254.000000
3.360400,254.000000
3.361000,254.000000
3.361600,254.000000
3.362200,254.000000
3.362800,254.000000
3.363400,254.000000
3.364000,254.000000
3.364600,254.000000
3.365200,254.000000
3.365800,254.000000
3.366400,254.000000
3.367000,254.000000
3.367600,254.000000
3.368200,254.000000
3.368800,254.000000
3.369400,254.000000
3.370000,254.000000
3.370600,254.000000
3.371200,254.000000
3.371800,254.000000
3.372400,254.000000
3.373000,254.000000
3.373600,254.000000
3.374200,254.000000
3.374800,254.000000
3.375400,254.000000
3.376000,254.000000
3.376600,254.000000
3.377200,254.000000
3.377800,254.000000
3.378400,254.000000
3.379000,254.000000
3.379600,254.000000
3.380200,254.000000
3.380800,254.000000
3.381400,254.000000
3.382000,254.000000
3.382600,254.000000
3.383200,254.000000
3.383800,254.000000
3.384400,254.000000
3.385000,254.000000
3.385600,254.000000
3.386200,254.000000
3.386800,254.000000
3.387400,254.000000
3.388000,254.000000
3.388600,254.000000
3.389200,254.000000
3.389800,254.000000
3.390400,254.000000
3.391000,254.000000
3.391600,254.000000
3.392200,254.000000
3.392800,254.000000
3.393400,254.000000
3.394000,254.000000
3.394600,254.000000
3.395200,254.000000
3.395800,254.000000
3.396400,254.000000
3.397000,254.000000
3.397600,254.000000
3.398200,254.000000
3.398800,254.000000
3.399400,254.000000
3.400000,254.000000
3.400600,254.000000
3.401200,254.000000
3.401800,254.000000
3.402400,254.000000
3.403000,254.000000
3.403600,254.000000
3.404200,254.000000
3.404800,254.000000
3.405400,254.000000
3.406000,254.000000
3.406600,254.000000
3.407200,254.000000
3.407800,254.000000
3.408400,254.000000
3.409000,254.000000
3.409600,254.000000
3.410200,254.000000
3.410800,254.000000
3.411400,254.000000
3.412000,254.000000
3.412600,254.000000
3.413200,254.000000
3.413800,254.000000
3.414400,254.000000
3.415000,254.000000
3.415600,254.000000
3.416200,254.000000
3.416800,254.000000
3.417400,254.000000
3.418000,254.000000
3.418600,254.000000
3.419200,254.000000
3.419800,254.000000
3.420400,254.000000
3.421000,254.000000
3.421600,254.000000
3.422200,254.000000
3.422800,254.000000
3.423400,254.000000
3.424000,254.000000
3.424600,254.000000
3.425200,254.000000
3.425800,254.000000
3.426400,254.000000
3.427000,254.000000
3.427600,254.000000
3.428200,254.000000
3.428800,254.000000
3.429400,254.000000
3.430000,254.000000
3.430600,254.000000
3.431200,254.000000
3.431800,254.000000
3.432400,254.000000
3.433000,254.000000
3.433600,254.000000
3.434200,254.000000
3.434800,254.000000
3.435400,254.000000
3.436000,254.000000
3.436600,254.000000
3.437200,254.000000
3.437800,254.000000
3.438400,254.000000
3.439000,254.000000
3.439600,254.000000
3.440200,254.000000
3.440800,254.000000
3.441400,254.000000
3.442000,254.000000
3.442600,254.000000
3.443200,254.000000
3.443800,254.000000
3.444400,254.000000
3.445000,254.000000
3.445600,254.000000
3.446200,254.000000
3.446800,254.000000
3.447400,254.000000
3.448000,254.000000
3.448600,254.000000
3.449200,256.000000
3.449800,252.000000
3.450400,252.000000
3.451000,252.000000
3.451600,252.000000
3.452200,252.000000
3.452800,252.000000
3.453400,252.000000
3.454000,252.000000
3.454600,252.000000
3.455200,252.000000
3.455800,252.000000
3.456400,252.000000
3.457000,252.000000
3.457600,252.000000
3.458200,252.000000
3.458800,252.000000
3.459400,252.000000
3.460000,252.000000
3.460600,252.000000
3.461200,252.000000
3.461800,252.000000
3.462400,252.000000
3.463000,252.000000
3.463600,252.000000
3.464200,252.000000
3.464800,252.000000
3.465400,252.000000
3.466000,252.000000
3.466600,252.000000
3.467200,252.000000
3.467800,252.000000
3.468400,252.000000
3.469000,252.000000
3.469600,252.000000
3.470200,252.000000
3.470800,252.000000
3.471400,252.000000
3.472000,252.000000
3.472600,252.000000
3.473200,252.000000
3.473800,252.000000
3.474400,252.000000
3.475000,252.000000
3.475600,252.000000
3.476200,252.000000
3.476800,252.000000
3.477400,252.000000
3.478000,252.000000
3.478600,252.000000
3.479200,252.000000
3.479800,252.000000
3.480400,252.000000
3.481000,252.000000
3.481600,252.000000
3.482200,252.000000
3.482800,252.000000
3.483400,252.000000
3.484000,252.000000
3.484600,252.000000
3.485200,252.000000
3.485800,252.000000
3.486400,252.000000
3.487000,252.000000
3.487600,252.000000
3.488200,252.000000
3.488800,252.000000
3.489400,252.000000
3.490000,252.000000
3.490600,252.000000
3.491200,252.000000
3.491800,252.000000
3.492400,252.000000
3.493000,252.000000
3.493600,252.000000
3.494200,252.000000
3.494800,252.000000
3.495400,252.000000
3.496000,252.000000
3.496600,252.000000
3.497200,252.000000
3.497800,252.000000
3.498400,252.000000
3.499000,252.000000
3.499600,252.000000
3.500200,252.000000
3.500800,252.000000
3.501400,252.000000
3.502000,252.000000
3.502600,252.000000
3.503200,252.000000
3.503800,252.000000
3.504400,252.000000
3.505000,252.000000
3.505600,252.000000
3.506200,252.000000
3.506800,252.000000
3.507400,252.000000
3.508000,252.000000
3.508600,252.000000
3.509200,252.000000
3.509800,252.000000
3.510400,252.000000
3.511000,252.000000
3.511600,252.000000
3.512200,252.000000
3.512800,252.000000
3.513400,252.000000
3.514000,252.000000
3.514600,252.000000
3.515200,252.000000
3.515800,252.000000
3.516400,252.000000
3.517000,252.000000
3.517600,252.000000
3.518200,252.000000
3.518800,252.000000
3.519400,252.000000
3.520000,252.000000
3.520600,252.000000
3.521200,252.000000
3.521800,252.000000
3.522400,252.000000
3.523000,252.000000
3.523600,252.000000
3.524200,252.000000
3.524800,252.000000
3.525400,252.000000
3.526000,252.000000
3.526600,252.000000
3.527200,252.000000
3.527800,252.000000
3.528400,252.000000
3.529000,252.000000
3.529600,252.000000
3.530200,252.000000
3.530800,252.000000
3.531400,252.000000
3.532000,252.000000
3.532600,252.000000
3.533200,252.000000
3.533800,252.000000
3.534400,252.000000
3.535000,252.000000
3.535600,252.000000
3.536200,252.000000
3.536800,252.000000
3.537400,252.000000
3.538000,252.000000
3.538600,252.000000
3.539200,252.000000
3.539800,252.000000
3.540400,252.000000
3.541000,252.000000
3.541600,252.000000
3.542200,252.000000
3.542800,252.000000
3.543400,252.000000
3.544000,256.000000
3.544600,248.000000
3.545200,248.000000
3.545800,248.000000
3.546400,248.000000
3.547000,248.000000
3.547600,248.000000
3.548200,248.000000
3.548800,248.000000
3.549400,248.000000
3.550000,248.000000
3.550600,248.000000
3.551200,248.000000
3.551800,248.000000
3.552400,248.000000
3.553000,248.000000
3.553600,248.000000
3.554200,248.000000
3.554800,248.000000
3.555400,248.000000
3.556000,248.000000
3.556600,248.000000
3.557200,248.000000
3.557800,248.000000
3.558400,248.000000
3.559000,248.000000
3.559600,248.000000
3.560200,248.000000
3.560800,248.000000
3.561400,248.000000
3.562000,248.000000
3.562600,248.000000
3.563200,248.000000
3.563800,248.000000
3.564400,256.000000
3.565000,240.000000
3.565600,240.000000
3.566200,240.000000
3.566800,240.000000
3.567400,240.000000
3.568000,240.000000
3.568600,240.000000
3.569200,224.000000
3.569800,192.000000
3.570400,256.000000
3.571000,256.000000
3.571600,240.000000
3.572200,256.000000
3.572800,192.000000
3.573400,256.000000
3.574000,256.000000
3.574600,256.000000
3.575200,256.000000
3.575800,256.000000
3.576400,256.000000
3.577000,256.000000
3.577600,240.000000
3.578200,256.000000
3.578800,256.000000
3.579400,256.000000
3.580000,256.000000
3.580600,256.000000
3.581200,256.000000
3.581800,256.000000
3.582400,252.000000
3.583000,240.000000
3.583600,256.000000
3.584200,256.000000
3.584800,256.000000
3.585400,256.000000
3.586000,256.000000
3.586600,256.000000
3.587200,256.000000
3.587800,256.000000
3.588400,256.000000
3.589000,256.000000
3.589600,256.000000
3.590200,256.000000
3.590800,256.000000
3.591400,256.000000
3.592000,256.000000
3.592600,256.000000
3.593200,256.000000
3.593800,256.000000
3.594400,256.000000
3.595000,256.000000
3.595600,256.000000
3.596200,256.000000
3.596800,256.000000
3.597400,168.000000
3.598000,256.000000
3.598600,256.000000
3.599200,256.000000
3.599800,256.000000
3.600400,256.000000
3.601000,256.000000
3.601600,256.000000
3.602200,256.000000
3.602800,256.000000
3.603400,256.000000
3.604000,256.000000
3.604600,256.000000
3.605200,256.000000
3.605800,250.000000
3.606400,256.000000
3.607000,256.000000
3.607600,256.000000
3.608200,256.000000
3.608800,256.000000
3.609400,256.000000
3.610000,256.000000
3.610600,256.000000
3.611200,256.000000
3.611800,256.000000
3.612400,256.000000
3.613000,256.000000
3.613600,252.000000
3.614200,256.000000
3.614800,256.000000
3.615400,256.000000
3.616000,256.000000
3.616600,256.000000
3.617200,256.000000
3.617800,256.000000
3.618400,256.000000
3.619000,256.000000
3.619600,240.000000
3.620200,256.000000
3.620800,256.000000
3.621400,256.000000
3.622000,256.000000
3.622600,256.000000
3.623200,256.000000
3.623800,256.000000
3.624400,256.000000
3.625000,256.000000
3.625600,256.000000
3.626200,256.000000
3.626800,252.000000
3.627400,252.000000
3.628000,252.000000
3.628600,252.000000
3.629200,252.000000
3.629800,252.000000
3.630400,252.000000
3.631000,252.000000
3.631600,252.000000
3.632200,240.000000
3.632800,256.000000
3.633400,256.000000
3.634000,252.000000
3.634600,256.000000
3.635200,256.000000
3.635800,256.000000
3.636400,256.000000
3.637000,256.000000
3.637600,256.000000
3.638200,256.000000
3.638800,256.000000
3.639400,256.000000
3.640000,256.000000
3.640600,256.000000
3.641200,256.000000
3.641800,256.000000
3.642400,256.000000
3.643000,256.000000
3.643600,256.000000
3.644200,256.000000
3.644800,256.000000
3.645400,256.000000
3.646000,256.000000
3.646600,256.000000
3.647200,240.000000
3.647800,256.000000
3.648400,256.000000
3.649000,256.000000
3.649600,256.000000
3.650200,256.000000
3.650800,256.000000
3.651400,256.000000
3.652000,256.000000
3.652600,256.000000
3.653200,256.000000
3.653800,256.000000
3.654400,256.000000
3.655000,256.000000
3.655600,256.000000
3.656200,256.000000
3.656800,256.000000
3.657400,256.000000
3.658000,256.000000
3.658600,256.000000
3.659200,256.000000
3.659800,256.000000
3.660400,256.000000
3.661000,256.000000
3.661600,256.000000
3.662200,248.000000
3.662800,256.000000
3.663400,256.000000
3.664000,256.000000
3.664600,256.000000
3.665200,256.000000
3.665800,256.000000
3.666400,256.000000
3.667000,256.000000
3.667600,256.000000
3.668200,256.000000
3.668800,256.000000
3.669400,256.000000
3.670000,256.000000
3.670600,256.000000
3.671200,256.000000
3.671800,256.000000
3.672400,256.000000
3.673000,250.000000
3.673600,256.000000
3.674200,256.000000
3.674800,256.000000
3.675400,256.000000
3.676000,256.000000
3.676600,256.000000
3.677200,256.000000
3.677800,256.000000
3.678400,256.000000
3.679000,256.000000
3.679600,256.000000
3.680200,256.000000
3.680800,256.000000
3.681400,256.000000
3.682000,256.000000
3.682600,256.000000
3.683200,256.000000
3.683800,256.000000
3.684400,256.000000
3.685000,256.000000
3.685600,256.000000
3.686200,256.000000
3.686800,256.000000
3.687400,256.000000
3.688000,256.000000
3.688600,256.000000
3.689200,256.000000
3.689800,256.000000
3.690400,256.000000
3.691000,256.000000
3.691600,256.000000
3.692200,256.000000
3.692800,256.000000
3.693400,256.000000
3.694000,256.000000
3.694600,256.000000
3.695200,256.000000
3.695800,256.000000
3.696400,234.000000
3.697000,256.000000
3.697600,256.000000
3.698200,256.000000
3.698800,256.000000
3.699400,256.000000
3.700000,256.000000
3.700600,256.000000
3.701200,256.000000
3.701800,252.000000
3.702400,252.000000
3.703000,256.000000
3.703600,256.000000
3.704200,256.000000
3.704800,256.000000
3.705400,256.000000
3.706000,256.000000
3.706600,256.000000
3.707200,256.000000
3.707800,256.000000
3.708400,256.000000
3.709000,256.000000
3.709600,256.000000
3.710200,256.000000
3.710800,256.000000
3.711400,256.000000
3.712000,256.000000
3.712600,256.000000
3.713200,256.000000
3.713800,256.000000
3.714400,256.000000
3.715000,256.000000
3.715600,256.000000
3.716200,256.000000
3.716800,256.000000
3.717400,256.000000
3.718000,256.000000
3.718600,256.000000
3.719200,256.000000
3.719800,256.000000
3.720400,256.000000
3.721000,256.000000
3.721600,256.000000
3.722200,256.000000
3.722800,256.000000
3.723400,256.000000
3.724000,256.000000
3.724600,256.000000
3.725200,256.000000
3.725800,256.000000
3.726400,256.000000
3.727000,256.000000
3.727600,256.000000
3.728200,256.000000
3.728800,256.000000
3.729400,256.000000
3.730000,256.000000
3.730600,256.000000
3.731200,256.000000
3.731800,256.000000
3.732400,256.000000
3.733000,256.000000
3.733600,256.000000
3.734200,256.000000
3.734800,256.000000
3.735400,256.000000
3.736000,256.000000
3.736600,256.000000
3.737200,256.000000
3.737800,256.000000
3.738400,255.000000
3.739000,255.000000
3.739600,255.000000
3.740200,255.000000
3.740800,255.000000
3.741400,250.000000
3.742000,250.000000
3.742600,240.000000
3.743200,256.000000
3.743800,256.000000
3.744400,256.000000
3.745000,256.000000
3.745600,256.000000
3.746200,256.000000
3.746800,256.000000
3.747400,256.000000
3.748000,256.000000
3.748600,256.000000
3.749200,256.000000
3.749800,256.000000
3.750400,256.000000
3.751000,256.000000
3.751600,256.000000
3.752200,256.000000
3.752800,256.000000
3.753400,256.000000
3.754000,256.000000
3.754600,256.000000
3.755200,256.000000
3.755800,256.000000
3.756400,256.000000
3.757000,256.000000
3.757600,256.000000
3.758200,256.000000
3.758800,256.000000
3.759400,256.000000
3.760000,256.000000
3.760600,256.000000
3.761200,256.000000
3.761800,256.000000
3.762400,256.000000
3.763000,256.000000
3.763600,256.000000
3.764200,256.000000
3.764800,256.000000
3.765400,256.000000
3.766000,256.000000
3.766600,256.000000
3.767200,256.000000
3.767800,256.000000
3.768400,256.000000
3.769000,256.000000
3.769600,256.000000
3.770200,256.000000
3.770800,256.000000
3.771400,256.000000
3.772000,256.000000
3.772600,256.000000
3.773200,256.000000
3.773800,256.000000
3.774400,252.000000
3.775000,256.000000
3.775600,256.000000
3.776200,256.000000
3.776800,256.000000
3.777400,256.000000
3.778000,256.000000
3.778600,256.000000
3.779200,256.000000
3.779800,256.000000
3.780400,256.000000
3.781000,256.000000
3.781600,256.000000
3.782200,256.000000
3.782800,256.000000
3.783400,256.000000
3.784000,256.000000
3.784600,256.000000
3.785200,256.000000
3.785800,252.000000
3.786400,256.000000
3.787000,256.000000
3.787600,256.000000
3.788200,256.000000
3.788800,256.000000
3.789400,256.000000
3.790000,256.000000
3.790600,256.000000
3.791200,256.000000
3.791800,256.000000
3.792400,256.000000
3.793000,256.000000
3.793600,256.000000
3.794200,256.000000
3.794800,256.000000
3.795400,256.000000
3.796000,256.000000
3.796600,256.000000
3.797200,256.000000
3.797800,256.000000
3.798400,256.000000
3.799000,256.000000
3.799600,256.000000
3.800200,256.000000
3.800800,248.000000
3.801400,256.000000
3.802000,256.000000
3.802600,256.000000
3.803200,256.000000
3.803800,256.000000
3.804400,256.000000
3.805000,256.000000
3.805600,256.000000
3.806200,256.000000
3.806800,256.000000
3.807400,256.000000
3.808000,256.000000
3.808600,256.000000
3.809200,256.000000
3.809800,256.000000
3.810400,256.000000
3.811000,256.000000
3.811600,256.000000
3.812200,256.000000
3.812800,256.000000
3.813400,256.000000
3.814000,256.000000
3.814600,256.000000
3.815200,256.000000
3.815800,256.000000
3.816400,256.000000
3.817000,256.000000
3.817600,256.000000
3.818200,256.000000
3.818800,256.000000
3.819400,256.000000
3.820000,256.000000
3.820600,256.000000
3.821200,256.000000
3.821800,256.000000
3.822400,256.000000
3.823000,256.000000
3.823600,256.000000
3.824200,256.000000
3.824800,256.000000
3.825400,256.000000
3.826000,256.000000
3.826600,256.000000
3.827200,256.000000
3.827800,256.000000
3.828400,256.000000
3.829000,255.000000
3.829600,255.000000
3.830200,255.000000
3.830800,255.000000
3.831400,255.000000
3.832000,255.000000
3.832600,255.000000
3.833200,255.000000
3.833800,255.000000
3.834400,255.000000
3.835000,255.000000
3.835600,255.000000
3.836200,255.000000
3.836800,255.000000
3.837400,255.000000
3.838000,255.000000
3.838600,255.000000
3.839200,255.000000
3.839800,255.000000
3.840400,255.000000
3.841000,255.000000
3.841600,252.000000
3.842200,252.000000
3.842800,252.000000
3.843400,252.000000
3.844000,252.000000
3.844600,252.000000
3.845200,252.000000
3.845800,252.000000
3.846400,252.000000
3.847000,252.000000
3.847600,204.000000
3.848200,252.000000
3.848800,252.000000
3.849400,240.000000
3.850000,256.000000
3.850600,256.000000
3.851200,256.000000
3.851800,256.000000
3.852400,256.000000
3.853000,256.000000
3.853600,256.000000
3.854200,256.000000
3.854800,256.000000
3.855400,256.000000
3.856000,252.000000
3.856600,256.000000
3.857200,256.000000
3.857800,256.000000
3.858400,256.000000
3.859000,256.000000
3.859600,256.000000
3.860200,256.000000
3.860800,256.000000
3.861400,256.000000
3.862000,256.000000
3.862600,256.000000
3.863200,256.000000
3.863800,256.000000
3.864400,256.000000
3.865000,256.000000
3.865600,256.000000
3.866200,256.000000
3.866800,256.000000
3.867400,256.000000
3.868000,256.000000
3.868600,256.000000
3.869200,256.000000
3.869800,256.000000
3.870400,256.000000
3.871000,256.000000
3.871600,256.000000
3.872200,256.000000
3.872800,256.000000
3.873400,256.000000
3.874000,256.000000
3.874600,256.000000
3.875200,256.000000
3.875800,256.000000
3.876400,256.000000
3.877000,256.000000
3.877600,256.000000
3.878200,256.000000
3.878800,256.000000
3.879400,256.000000
3.880000,256.000000
3.880600,256.000000
3.881200,256.000000
3.881800,256.000000
3.882400,256.000000
3.883000,256.000000
3.883600,256.000000
3.884200,256.000000
3.884800,256.000000
3.885400,256.000000
3.886000,256.000000
3.886600,256.000000
3.887200,256.000000
3.887800,256.000000
3.888400,256.000000
3.889000,256.000000
3.889600,256.000000
3.890200,256.000000
3.890800,256.000000
3.891400,256.000000
3.892000,256.000000
3.892600,256.000000
3.893200,256.000000
3.893800,256.000000
3.894400,256.000000
3.895000,256.000000
3.895600,256.000000
3.896200,256.000000
3.896800,256.000000
3.897400,256.000000
3.898000,256.000000
3.898600,256.000000
3.899200,256.000000
3.899800,256.000000
3.900400,256.000000
3.901000,256.000000
3.901600,256.000000
3.902200,256.000000
3.902800,256.000000
3.903400,256.000000
3.904000,256.000000
3.904600,256.000000
3.905200,256.000000
3.905800,255.000000
3.906400,240.000000
3.907000,256.000000
3.907600,256.000000
3.908200,256.000000
3.908800,256.000000
3.909400,256.000000
3.910000,256.000000
3.910600,256.000000
3.911200,256.000000
3.911800,256.000000
3.912400,256.000000
3.913000,256.000000
3.913600,256.000000
3.914200,256.000000
3.914800,256.000000
3.915400,256.000000
3.916000,256.000000
3.916600,256.000000
3.917200,256.000000
3.917800,256.000000
3.918400,256.000000
3.919000,256.000000
3.919600,256.000000
3.920200,256.000000
3.920800,256.000000
3.921400,256.000000
3.922000,256.000000
3.922600,256.000000
3.923200,256.000000
3.923800,256.000000
3.924400,256.000000
3.925000,256.000000
3.925600,256.000000
3.926200,256.000000
3.926800,256.000000
3.927400,256.000000
3.928000,256.000000
3.928600,256.000000
3.929200,256.000000
3.929800,256.000000
3.930400,256.000000
3.931000,256.000000
3.931600,256.000000
3.932200,256.000000
3.932800,256.000000
3.933400,256.000000
3.934000,256.000000
3.934600,256.000000
3.935200,256.000000
3.935800,256.000000
3.936400,256.000000
3.937000,256.000000
3.937600,252.000000
3.938200,256.000000
3.938800,256.000000
3.939400,256.000000
3.940000,256.000000
3.940600,256.000000
3.941200,256.000000
3.941800,256.000000
3.942400,256.000000
3.943000,256.000000
3.943600,256.000000
3.944200,256.000000
3.944800,256.000000
3.945400,256.000000
3.946000,256.000000
3.946600,256.000000
3.947200,256.000000
3.947800,256.000000
3.948400,256.000000
3.949000,256.000000
3.949600,240.000000
3.950200,256.000000
3.950800,256.000000
3.951400,256.000000
3.952000,256.000000
3.952600,256.000000
3.953200,256.000000
3.953800,256.000000
3.954400,256.000000
3.955000,256.000000
3.955600,256.000000
3.956200,256.000000
3.956800,256.000000
3.957400,256.000000
3.958000,256.000000
3.958600,256.000000
3.959200,256.000000
3.959800,256.000000
3.960400,252.000000
3.961000,248.000000
3.961600,256.000000
3.962200,256.000000
3.962800,256.000000
3.963400,256.000000
3.964000,256.000000
3.964600,256.000000
3.965200,256.000000
3.965800,256.000000
3.966400,256.000000
3.967000,256.000000
3.967600,256.000000
3.968200,256.000000
3.968800,256.000000
3.969400,256.000000
3.970000,256.000000
3.970600,256.000000
3.971200,256.000000
3.971800,256.000000
3.972400,256.000000
3.973000,256.000000
3.973600,256.000000
3.974200,256.000000
3.974800,256.000000
3.975400,256.000000
3.976000,256.000000
3.976600,256.000000
3.977200,256.000000
3.977800,256.000000
3.978400,256.000000
3.979000,256.000000
3.979600,256.000000
3.980200,256.000000
3.980800,256.000000
3.981400,256.000000
3.982000,256.000000
3.982600,256.000000
3.983200,256.000000
3.983800,256.000000
3.984400,256.000000
3.985000,256.000000
3.985600,256.000000
3.986200,256.000000
3.986800,256.000000
3.987400,256.000000
3.988000,256.000000
3.988600,256.000000
3.989200,256.000000
3.989800,256.000000
3.990400,256.000000
3.991000,256.000000
3.991600,256.000000
3.992200,256.000000
3.992800,256.000000
3.993400,256.000000
3.994000,256.000000
3.994600,256.000000
3.995200,256.000000
3.995800,256.000000
3.996400,256.000000
3.997000,256.000000
3.997600,256.000000
3.998200,256.000000
3.998800,256.000000
3.999400,256.000000
